3
6
12
13
17
20
21
23
25
28
31
33
35
36
38
43
44
49
62
68
75
84
85
86
94
96
97
99
100
108
109
111
112
114
115
117
125
130
132
133
134
137
138
142
143
145
146
148
151
152
154
156
157
161
164
165
169
173
174
177
179
184
186
187
188
189
191
192
195
197
198
199
201
202
203
209
210
211
213
214
217
221
222
223
231
234
236
238
239
240
241
245
247
249
250
252
256
265
266
267
268
269
271
275
279
283
285
287
290
296
305
307
313
315
318
321
322
323
325
328
339
340
345
346
347
350
353
354
356
357
361
365
367
369
373
377
378
382
388
391
394
395
400
402
405
406
408
409
413
416
417
418
419
421
423
426
427
429
433
434
439
440
441
443
450
452
456
457
470
471
472
479
480
481
485
487
489
491
495
497
498
499
500
502
507
508
510
511
515
527
528
530
534
544
545
549
558
559
564
565
568
576
580
583
584
586
587
588
589
590
591
592
594
596
599
601
603
604
605
606
608
609
612
613
618
619
623
625
627
629
630
631
634
638
641
650
652
654
663
664
674
678
682
689
690
695
698
699
702
703
708
709
710
711
716
717
720
723
725
727
728
729
731
733
735
736
739
744
745
747
750
751
754
757
766
767
768
770
772
773
776
781
782
784
785
787
788
791
794
796
797
798
799
801
805
806
807
811
818
820
822
824
835
840
841
849
859
864
865
871
874
883
885
888
889
890
893
894
895
897
899
902
905
906
907
908
910
914
918
919
922
923
924
925
927
929
930
931
932
937
938
940
945
946
949
950
953
956
957
959
961
969
975
977
981
984
989
993
995
998
1000
1003
1004
1005
1006
1009
1012
1013
1018
1019
1020
1028
1034
1036
1037
1038
1039
1040
1042
1044
1046
1048
1049
1050
1056
1060
1062
1067
1068
1069
1072
1075
1079
1085
1086
1088
1093
1094
1096
1102
1105
1108
1113
1114
1115
1116
1117
1120
1121
1123
1124
1125
1131
1133
1139
1140
1141
1144
1148
1157
1158
1165
1168
1169
1174
1184
1187
1192
1193
1197
1198
1206
1209
1212
1217
1222
1223
1224
1226
1227
1228
1230
1232
1234
1241
1242
1244
1245
1254
1256
1259
1260
1263
1264
1266
1267
1268
1278
1279
1283
1284
1287
1289
1294
1297
1299
1301
1304
1305
1313
1314
1317
1320
1326
1327
1329
1331
1332
1335
1337
1338
1339
1342
1346
1347
1348
1350
1355
1356
1367
1368
1369
1371
1377
1380
1385
1386
1389
1394
1396
1404
1414
1418
1419
1423
1427
1430
1435
1439
1441
1442
1449
1453
1454
1469
1470
1476
1485
1487
1488
1493
1496
1500
1501
1502
1509
1515
1516
1517
1521
1524
1526
1527
1528
1530
1535
1537
1539
1541
1543
1550
1555
1559
1561
1563
1566
1568
1569
1571
1574
1575
1577
1578
1579
1581
1585
1586
1594
1600
1603
1604
1608
1610
1611
1613
1616
1621
1623
1631
1634
1636
1637
1641
1646
1648
1650
1651
1652
1656
1658
1663
1672
1674
1676
1677
1684
1685
1686
1687
1689
1692
1693
1699
1704
1708
1709
1712
1714
1716
1718
1721
1724
1725
1727
1728
1729
1732
1734
1740
1749
1752
1753
1754
1757
1763
1767
1769
1771
1777
1778
1780
1782
1785
1787
1788
1790
1791
1795
1798
1800
1802
1804
1805
1807
1809
1811
1813
1814
1816
1818
1819
1822
1824
1825
1832
1833
1839
1840
1842
1844
1845
1847
1848
1850
1855
1858
1859
1860
1866
1869
1880
1882
1884
1885
1887
1888
1890
1891
1892
1899
1900
1901
1902
1903
1905
1907
1910
1912
1915
1924
1927
1931
1932
1935
1937
1941
1944
1945
1950
1967
1969
1971
1972
1973
1974
1978
1979
1982
1985
1986
1988
1991
1997
1999
2004
2005
2010
2014
2015
2016
2018
2019
2021
2022
2025
2029
2031
2032
2033
2034
2036
2042
2049
2050
2051
2053
2054
2061
2066
2067
2071
2075
2080
2082
2090
2091
2092
2093
2094
2098
2099
2103
2104
2105
2111
2114
2121
2124
2128
2129
2135
2136
2139
2144
2146
2148
2150
2152
2156
2158
2164
2165
2167
2170
2171
2172
2176
2177
2178
2185
2187
2195
2197
2206
2207
2212
2213
2214
2215
2220
2222
2223
2224
2225
2228
2230
2231
2237
2240
2242
2245
2251
2257
2258
2263
2264
2265
2268
2270
2272
2280
2284
2286
2293
2298
2310
2317
2318
2319
2320
2321
2322
2324
2329
2330
2332
2333
2334
2338
2340
2341
2343
2344
2345
2346
2349
2354
2356
2361
2363
2365
2366
2369
2370
2373
2378
2383
2385
2388
2392
2394
2395
2397
2398
2401
2403
2410
2411
2417
2428
2431
2432
2433
2438
2442
2445
2452
2455
2459
2460
2464
2466
2467
2473
2476
2478
2479
2480
2482
2488
2492
2493
2505
2506
2508
2511
2512
2514
2515
2518
2519
2530
2538
2539
2553
2558
2559
2561
2562
2563
2569
2570
2574
2579
2581
2582
2586
2587
2589
2592
2593
2600
2602
2603
2611
2613
2614
2619
2622
2625
2628
2631
2635
2638
2639
2640
2641
2644
2649
2651
2652
2653
2658
2664
2665
2666
2667
2674
2679
2682
2683
2700
2704
2706
2708
2710
2712
2714
2726
2733
2734
2741
2742
2743
2747
2750
2754
2755
2756
2758
2759
2760
2762
2766
2769
2773
2775
2777
2779
2784
2788
2797
2799
2802
2806
2807
2808
2810
2813
2817
2819
2821
2825
2827
2830
2835
2836
2841
2842
2851
2854
2858
2859
2860
2870
2872
2874
2879
2882
2894
2897
2899
2905
2907
2912
2916
2917
2927
2930
2935
2938
2939
2943
2944
2946
2947
2953
2963
2964
2965
2966
2967
2968
2971
2973
2974
2975
2981
2984
2985
2986
2990
2993
3006
3007
3010
3011
3013
3020
3023
3024
3026
3028
3030
3032
3033
3036
3040
3042
3045
3046
3047
3052
3053
3056
3057
3066
3068
3078
3080
3084
3087
3090
3092
3099
3100
3102
3103
3105
3107
3108
3118
3119
3122
3124
3127
3129
3132
3133
3135
3137
3139
3140
3145
3147
3155
3158
3161
3169
3172
3174
3176
3178
3180
3181
3184
3186
3190
3191
3192
3194
3196
3201
3202
3203
3204
3205
3210
3214
3216
3217
3218
3222
3225
3231
3232
3234
3235
3236
3239
3242
3245
3254
3258
3265
3267
3272
3275
3279
3287
3288
3289
3290
3294
3297
3300
3302
3304
3307
3309
3310
3312
3318
3320
3321
3324
3325
3328
3330
3334
3337
3342
3344
3356
3358
3365
3369
3370
3371
3372
3377
3384
3386
3388
3389
3390
3392
3393
3394
3395
3397
3400
3403
3404
3415
3417
3420
3425
3426
3430
3431
3432
3436
3437
3439
3440
3445
3457
3458
3460
3465
3466
3468
3469
3470
3473
3474
3475
3477
3480
3482
3485
3489
3490
3491
3493
3497
3506
3509
3513
3516
3521
3523
3528
3530
3533
3539
3540
3543
3547
3549
3550
3552
3553
3555
3556
3559
3564
3566
3567
3570
3574
3577
3588
3590
3591
3593
3597
3598
3600
3601
3603
3604
3609
3616
3619
3625
3628
3632
3637
3639
3641
3649
3650
3652
3654
3659
3664
3666
3673
3674
3675
3676
3677
3678
3680
3682
3683
3684
3686
3688
3694
3695
3699
3700
3702
3704
3705
3706
3712
3718
3722
3725
3727
3729
3732
3734
3735
3739
3743
3746
3748
3754
3759
3760
3763
3764
3765
3767
3768
3771
3778
3786
3790
3791
3792
3794
3795
3796
3798
3800
3804
3805
3812
3816
3820
3823
3826
3828
3829
3834
3838
3841
3842
3844
3846
3847
3848
3851
3852
3853
3855
3860
3862
3863
3866
3868
3869
3874
3876
3877
3879
3882
3883
3884
3888
3889
3891
3893
3895
3896
3897
3903
3906
3909
3910
3911
3912
3914
3919
3920
3921
3926
3927
3929
3932
3937
3940
3941
3947
3949
3952
3956
3957
3968
3969
3970
3971
3974
3977
3979
3980
3981
3982
3983
3984
3989
3992
3993
3995
3997
3998
4001
4003
4004
4005
4007
4013
4015
4017
4022
4030
4034
4038
4041
4042
4043
4045
4047
4048
4052
4054
4059
4062
4063
4064
4066
4067
4070
4071
4072
4073
4074
4079
4084
4085
4090
4094
4096
4099
4100
4101
4105
4111
4112
4113
4115
4118
4120
4122
4128
4130
4133
4136
4137
4138
4139
4140
4148
4149
4155
4158
4166
4169
4180
4185
4187
4191
4194
4195
4196
4199
4216
4224
4234
4235
4236
4239
4240
4251
4252
4257
4266
4267
4271
4275
4276
4282
4288
4290
4292
4294
4298
4299
4300
4302
4305
4306
4312
4314
4317
4324
4325
4326
4329
4331
4332
4333
4334
4338
4344
4346
4347
4348
4351
4363
4364
4367
4368
4377
4378
4383
4393
4394
4397
4398
4401
4403
4405
4406
4407
4408
4409
4410
4413
4414
4416
4421
4423
4431
4439
4444
4448
4449
4451
4453
4456
4457
4459
4461
4464
4465
4469
4474
4479
4480
4484
4487
4490
4495
4497
4499
4500
4504
4506
4507
4508
4509
4516
4520
4521
4526
4527
4535
4537
4538
4539
4543
4544
4546
4547
4548
4550
4555
4564
4566
4571
4574
4575
4577
4583
4584
4587
4588
4595
4597
4599
4602
4608
4615
4618
4623
4624
4625
4627
4630
4633
4641
4644
4649
4651
4653
4655
4656
4657
4661
4664
4666
4667
4668
4670
4671
4675
4676
4678
4679
4684
4685
4688
4690
4695
4698
4700
4703
4708
4713
4718
4719
4720
4731
4732
4735
4738
4741
4743
4744
4745
4748
4753
4754
4759
4760
4762
4766
4770
4780
4781
4784
4787
4791
4792
4793
4794
4795
4796
4797
4798
4799
4802
4804
4807
4809
4817
4824
4826
4833
4835
4836
4837
4839
4843
4846
4847
4850
4852
4860
4861
4862
4864
4865
4866
4871
4872
4873
4874
4875
4876
4879
4881
4882
4883
4884
4886
4893
4894
4900
4901
4902
4904
4906
4909
4910
4914
4915
4916
4917
4918
4923
4924
4925
4927
4931
4935
4944
4947
4948
4950
4954
4956
4958
4962
4964
4966
4967
4968
4969
4976
4978
4985
4987
4989
4995
5000
5006
5010
5013
5023
5026
5027
5029
5030
5031
5033
5039
5040
5042
5046
5047
5050
5054
5056
5057
5060
5062
5065
5069
5070
5071
5072
5075
5076
5077
5078
5083
5088
5090
5099
5104
5107
5112
5113
5114
5119
5120
5124
5125
5126
5128
5135
5136
5139
5140
5142
5147
5149
5150
5152
5158
5165
5166
5168
5170
5171
5175
5180
5183
5190
5191
5193
5194
5196
5197
5198
5199
5201
5205
5210
5211
5212
5213
5225
5226
5227
5228
5229
5235
5237
5239
5242
5243
5244
5245
5247
5250
5251
5252
5253
5254
5255
5259
5262
5264
5266
5268
5272
5275
5277
5281
5282
5285
5289
5296
5298
5304
5310
5312
5313
5327
5328
5330
5331
5336
5339
5342
5343
5348
5350
5351
5355
5357
5358
5360
5362
5365
5367
5369
5370
5373
5377
5381
5383
5384
5389
5393
5395
5398
5400
5406
5407
5421
5422
5426
5430
5445
5454
5455
5460
5461
5469
5470
5471
5472
5474
5476
5478
5486
5487
5488
5495
5503
5504
5506
5508
5509
5518
5525
5527
5528
5532
5534
5535
5536
5538
5543
5544
5545
5549
5557
5558
5559
5564
5570
5573
5575
5581
5583
5586
5587
5589
5595
5596
5598
5599
5606
5611
5614
5616
5619
5620
5622
5623
5628
5634
5637
5639
5643
5646
5650
5658
5662
5665
5666
5667
5668
5669
5675
5676
5677
5678
5686
5689
5691
5696
5697
5698
5701
5703
5705
5707
5709
5710
5715
5721
5724
5726
5727
5728
5729
5731
5734
5737
5738
5742
5748
5752
5753
5754
5760
5762
5770
5771
5772
5774
5775
5778
5783
5784
5786
5790
5791
5794
5795
5796
5799
5801
5806
5809
5810
5817
5818
5819
5824
5828
5830
5832
5834
5838
5839
5841
5843
5844
5847
5853
5861
5862
5866
5867
5869
5871
5872
5877
5879
5881
5882
5885
5886
5890
5893
5896
5897
5900
5901
5904
5905
5908
5909
5911
5913
5917
5922
5923
5930
5931
5932
5933
5937
5938
5939
5942
5944
5948
5949
5953
5960
5962
5963
5967
5968
5969
5970
5973
5976
5979
5982
5987
5993
5995
6000
6001
6003
6005
6010
6012
6017
6024
6025
6026
6028
6032
6047
6049
6051
6052
6053
6062
6063
6068
6073
6075
6076
6079
6080
6081
6082
6083
6086
6089
6090
6092
6094
6100
6104
6107
6108
6110
6112
6114
6116
6123
6124
6125
6128
6129
6131
6138
6145
6147
6151
6153
6156
6160
6166
6171
6172
6173
6179
6185
6187
6189
6190
6191
6196
6201
6202
6203
6205
6206
6208
6212
6213
6214
6219
6228
6237
6239
6241
6243
6244
6251
6254
6257
6262
6263
6268
6270
6271
6275
6277
6278
6279
6280
6284
6285
6286
6288
6289
6290
6292
6294
6299
6303
6310
6313
6315
6317
6318
6322
6323
6331
6334
6335
6338
6344
6349
6358
6359
6362
6365
6368
6381
6382
6383
6387
6392
6396
6397
6398
6399
6407
6416
6418
6423
6437
6451
6452
6453
6454
6457
6461
6464
6466
6468
6469
6470
6471
6473
6474
6478
6480
6481
6484
6491
6492
6496
6497
6498
6510
6516
6519
6521
6522
6524
6525
6528
6533
6534
6535
6536
6539
6542
6543
6550
6553
6555
6561
6569
6570
6578
6582
6583
6589
6590
6594
6597
6598
6601
6602
6604
6607
6613
6615
6621
6623
6624
6627
6628
6632
6633
6634
6636
6637
6639
6651
6653
6654
6655
6658
6659
6663
6667
6668
6669
6670
6675
6678
6682
6685
6687
6688
6689
6690
6695
6696
6697
6698
6699
6702
6705
6710
6722
6723
6726
6730
6731
6735
6736
6739
6750
6754
6759
6761
6767
6777
6779
6782
6783
6787
6789
6794
6797
6802
6803
6804
6810
6815
6823
6824
6828
6829
6830
6833
6838
6841
6842
6846
6847
6850
6854
6855
6857
6858
6861
6863
6865
6870
6871
6872
6873
6874
6875
6877
6878
6880
6884
6886
6887
6889
6891
6892
6894
6895
6898
6901
6904
6908
6910
6911
6912
6914
6915
6916
6917
6920
6922
6923
6927
6930
6938
6939
6944
6947
6950
6951
6952
6955
6958
6959
6960
6967
6976
6978
6979
6982
6984
6986
6988
6989
6996
6998
6999
7001
7003
7009
7010
7013
7014
7016
7019
7025
7030
7033
7039
7043
7045
7046
7049
7050
7054
7059
7062
7066
7073
7075
7077
7080
7084
7085
7087
7088
7089
7093
7094
7101
7102
7107
7115
7118
7121
7125
7127
7134
7138
7139
7142
7143
7152
7156
7158
7159
7161
7163
7164
7166
7167
7175
7177
7178
7180
7183
7184
7190
7193
7197
7204
7207
7210
7212
7213
7216
7219
7221
7223
7224
7225
7226
7227
7228
7229
7230
7234
7237
7247
7250
7251
7258
7260
7262
7263
7265
7267
7271
7277
7281
7291
7294
7296
7298
7303
7304
7306
7314
7315
7316
7320
7321
7326
7328
7333
7338
7339
7352
7354
7355
7357
7358
7363
7371
7373
7374
7378
7381
7384
7385
7386
7387
7388
7391
7393
7395
7396
7401
7402
7410
7413
7414
7415
7416
7420
7427
7429
7433
7434
7438
7442
7443
7444
7445
7447
7448
7449
7452
7455
7456
7472
7474
7475
7476
7478
7481
7482
7486
7487
7489
7492
7494
7495
7496
7499
7504
7505
7507
7511
7514
7516
7522
7523
7524
7528
7532
7533
7536
7537
7538
7539
7540
7544
7549
7552
7553
7554
7555
7565
7567
7571
7573
7574
7576
7577
7580
7595
7604
7605
7606
7607
7612
7613
7614
7615
7616
7621
7628
7629
7630
7631
7632
7636
7638
7650
7651
7655
7656
7659
7664
7666
7668
7669
7671
7675
7676
7681
7686
7688
7689
7691
7693
7695
7696
7698
7699
7700
7701
7704
7705
7707
7709
7710
7711
7720
7728
7731
7741
7742
7760
7763
7767
7769
7774
7775
7778
7780
7781
7784
7786
7787
7795
7798
7801
7803
7808
7809
7815
7818
7819
7820
7828
7840
7841
7842
7843
7844
7848
7849
7853
7855
7860
7861
7880
7881
7883
7884
7886
7888
7891
7894
7895
7897
7902
7904
7908
7909
7930
7932
7933
7936
7939
7946
7947
7949
7950
7951
7952
7955
7958
7959
7968
7969
7971
7973
7977
7981
7985
7987
7992
7994
7999
8002
8009
8010
8011
8013
8014
8016
8018
8019
8023
8025
8037
8047
8049
8050
8055
8057
8060
8061
8066
8067
8070
8072
8076
8081
8084
8086
8095
8098
8099
8105
8106
8110
8112
8113
8114
8115
8117
8120
8130
8131
8132
8135
8137
8138
8142
8145
8155
8159
8161
8163
8167
8177
8178
8179
8183
8186
8190
8193
8195
8199
8204
8206
8207
8208
8209
8214
8216
8217
8227
8231
8232
8236
8244
8245
8249
8250
8252
8253
8256
8258
8260
8270
8273
8278
8283
8288
8291
8293
8296
8297
8303
8309
8313
8314
8316
8321
8323
8332
8333
8337
8339
8340
8343
8347
8357
8359
8363
8364
8368
8370
8385
8389
8393
8395
8396
8400
8402
8406
8408
8410
8416
8419
8421
8427
8431
8432
8444
8445
8447
8449
8450
8452
8458
8461
8463
8464
8465
8466
8467
8472
8475
8481
8482
8485
8486
8489
8492
8493
8494
8495
8497
8498
8499
8502
8508
8516
8519
8525
8526
8532
8534
8535
8537
8539
8540
8545
8547
8548
8550
8551
8556
8559
8563
8566
8567
8569
8570
8572
8580
8581
8586
8601
8602
8606
8608
8612
8616
8619
8620
8622
8623
8627
8631
8643
8652
8653
8654
8656
8660
8661
8663
8665
8666
8668
8670
8674
8677
8678
8681
8682
8685
8686
8697
8698
8701
8705
8708
8709
8714
8717
8718
8721
8722
8723
8727
8736
8738
8740
8741
8746
8747
8748
8753
8762
8764
8765
8767
8769
8772
8776
8780
8790
8793
8795
8796
8798
8812
8814
8815
8817
8818
8822
8823
8825
8827
8828
8830
8832
8833
8834
8835
8840
8841
8844
8846
8850
8857
8859
8866
8868
8870
8873
8876
8887
8892
8894
8898
8904
8905
8907
8910
8911
8912
8914
8915
8917
8920
8921
8924
8929
8935
8936
8940
8942
8943
8947
8948
8952
8954
8956
8957
8963
8965
8966
8968
8977
8978
8980
8983
8984
8987
8988
8990
8992
8993
8995
8996
9001
9002
9003
9004
9007
9008
9013
9016
9017
9022
9023
9025
9027
9029
9030
9033
9038
9045
9048
9052
9054
9057
9058
9061
9062
9063
9064
9068
9069
9070
9076
9077
9078
9081
9084
9086
9088
9091
9096
9097
9104
9105
9111
9112
9115
9120
9126
9128
9130
9132
9134
9137
9139
9141
9144
9151
9152
9158
9169
9172
9173
9175
9177
9178
9182
9185
9186
9190
9191
9200
9201
9202
9204
9206
9208
9227
9233
9234
9237
9239
9243
9247
9249
9250
9252
9253
9257
9258
9260
9261
9263
9266
9267
9269
9270
9272
9274
9277
9278
9282
9284
9289
9295
9296
9297
9298
9302
9308
9311
9312
9315
9317
9319
9321
9325
9328
9330
9331
9333
9334
9335
9336
9339
9341
9342
9354
9356
9358
9359
9364
9368
9372
9374
9375
9377
9379
9380
9381
9382
9384
9389
9392
9393
9395
9400
9402
9406
9407
9419
9423
9424
9425
9430
9432
9434
9440
9441
9444
9446
9447
9450
9454
9455
9457
9460
9461
9465
9467
9468
9471
9472
9473
9475
9478
9480
9481
9482
9484
9485
9486
9487
9490
9494
9498
9499
9503
9504
9505
9514
9517
9519
9526
9531
9538
9539
9544
9545
9547
9549
9552
9554
9555
9558
9566
9567
9568
9571
9575
9576
9577
9582
9584
9588
9590
9593
9595
9597
9598
9599
9602
9613
9615
9616
9620
9622
9628
9636
9639
9643
9644
9645
9646
9648
9651
9652
9653
9661
9662
9663
9664
9666
9669
9670
9672
9673
9674
9678
9680
9683
9685
9692
9696
9699
9703
9714
9718
9719
9722
9725
9726
9730
9736
9741
9742
9747
9750
9751
9761
9763
9766
9767
9768
9770
9773
9775
9778
9779
9782
9785
9786
9788
9790
9791
9795
9797
9799
9800
9801
9805
9808
9809
9810
9816
9818
9819
9821
9822
9823
9826
9829
9830
9837
9852
9857
9862
9863
9865
9866
9873
9876
9877
9882
9883
9885
9886
9887
9889
9892
9893
9897
9898
9899
9900
9901
9903
9905
9906
9907
9909
9910
9914
9918
9920
9922
9923
9924
9927
9929
9930
9933
9934
9935
9943
9945
9954
9958
9962
9963
9965
9967
9970
9971
9976
9977
9978
9980
9981
9984
9987
9990
9991
9993
9994
9996
9998
10004
10011
10012
10013
10015
10027
10028
10029
10032
10040
10042
10043
10045
10057
10059
10060
10061
10065
10069
10071
10075
10076
10083
10087
10088
10091
10093
10094
10097
10098
10110
10111
10114
10116
10118
10119
10124
10126
10130
10133
10136
10138
10144
10150
10152
10160
10163
10164
10168
10170
10173
10174
10179
10180
10185
10186
10187
10188
10197
10199
10205
10206
10207
10209
10211
10214
10217
10220
10222
10230
10237
10241
10244
10246
10247
10248
10254
10255
10257
10258
10266
10274
10280
10283
10286
10287
10288
10292
10294
10298
10299
10301
10302
10307
10308
10311
10313
10315
10320
10321
10322
10325
10326
10327
10331
10332
10335
10342
10346
10356
10357
10360
10361
10364
10366
10369
10370
10374
10375
10377
10379
10380
10384
10387
10394
10401
10408
10413
10414
10417
10418
10419
10422
10423
10425
10428
10429
10430
10431
10432
10434
10439
10442
10444
10446
10453
10462
10464
10465
10467
10468
10469
10471
10473
10478
10482
10484
10485
10487
10489
10490
10496
10497
10499
10500
10501
10504
10505
10510
10513
10514
10515
10521
10531
10534
10536
10538
10539
10541
10542
10552
10558
10561
10563
10564
10565
10568
10569
10571
10573
10577
10580
10581
10586
10589
10592
10593
10594
10595
10604
10606
10609
10611
10612
10614
10616
10618
10623
10624
10628
10629
10631
10634
10636
10637
10639
10642
10650
10651
10654
10655
10656
10664
10666
10668
10669
10670
10672
10675
10676
10677
10679
10681
10687
10693
10694
10695
10701
10704
10705
10710
10714
10715
10718
10721
10726
10727
10729
10731
10734
10739
10741
10745
10746
10749
10750
10758
10763
10766
10771
10773
10774
10776
10784
10785
10792
10794
10796
10804
10806
10807
10809
10811
10813
10818
10822
10829
10833
10835
10843
10847
10854
10855
10856
10859
10860
10866
10872
10874
10878
10881
10883
10884
10886
10891
10899
10901
10903
10906
10909
10920
10924
10925
10928
10933
10937
10939
10940
10941
10942
10945
10948
10951
10953
10954
10955
10956
10958
10959
10963
10966
10967
10969
10971
10973
10976
10978
10979
10980
10987
10990
10993
10997
11003
11006
11007
11013
11016
11018
11019
11021
11023
11026
11032
11033
11036
11043
11049
11050
11054
11056
11059
11063
11065
11066
11067
11068
11072
11073
11074
11077
11078
11086
11091
11093
11095
11097
11098
11099
11101
11106
11108
11112
11119
11133
11135
11138
11139
11140
11142
11143
11146
11147
11148
11155
11161
11162
11164
11165
11167
11168
11175
11176
11181
11183
11184
11186
11189
11191
11193
11195
11198
11200
11201
11202
11204
11205
11206
11210
11212
11215
11217
11218
11220
11223
11228
11232
11236
11238
11242
11244
11245
11254
11256
11260
11262
11264
11268
11272
11275
11276
11280
11283
11287
11289
11291
11295
11300
11305
11310
11311
11312
11314
11315
11317
11318
11319
11320
11321
11322
11325
11327
11328
11330
11332
11334
11336
11340
11341
11342
11346
11347
11349
11353
11355
11362
11363
11375
11378
11380
11381
11382
11384
11394
11395
11408
11412
11417
11421
11422
11427
11432
11433
11437
11438
11442
11446
11454
11456
11460
11464
11471
11472
11476
11478
11479
11484
11486
11492
11493
11494
11498
11503
11507
11514
11519
11520
11523
11524
11533
11536
11543
11549
11550
11554
11555
11558
11559
11563
11564
11572
11575
11577
11579
11581
11582
11583
11587
11588
11591
11592
11593
11596
11600
11601
11606
11614
11615
11616
11617
11618
11623
11626
11633
11634
11637
11638
11640
11641
11644
11651
11652
11656
11658
11659
11664
11666
11667
11668
11669
11671
11672
11673
11679
11686
11687
11688
11689
11695
11698
11701
11702
11703
11708
11710
11711
11712
11717
11718
11719
11720
11722
11724
11725
11728
11729
11736
11740
11744
11745
11746
11755
11762
11763
11764
11765
11766
11767
11770
11771
11773
11776
11786
11787
11789
11795
11796
11798
11801
11805
11806
11809
11815
11816
11817
11819
11823
11824
11825
11826
11827
11829
11832
11842
11844
11846
11849
11850
11852
11853
11855
11857
11859
11861
11862
11864
11865
11867
11869
11871
11872
11876
11879
11884
11885
11890
11892
11897
11901
11906
11907
11912
11914
11917
11920
11923
11926
11930
11932
11945
11947
11949
11950
11952
11957
11958
11964
11965
11966
11971
11976
11978
11981
11984
11988
11991
11993
11997
11999
12000
12005
12008
12009
12012
12013
12014
12017
12026
12032
12033
12037
12038
12039
12042
12045
12049
12051
12054
12055
12061
12063
12064
12068
12071
12074
12085
12086
12087
12088
12089
12091
12093
12098
12099
12101
12103
12104
12109
12110
12112
12113
12115
12116
12117
12118
12123
12125
12131
12132
12135
12139
12141
12142
12143
12145
12149
12150
12153
12157
12161
12164
12174
12177
12179
12183
12190
12193
12198
12203
12210
12215
12216
12217
12218
12219
12231
12233
12234
12237
12240
12241
12242
12243
12245
12246
12248
12249
12250
12254
12265
12270
12272
12281
12289
12292
12294
12295
12302
12306
12310
12313
12319
12323
12325
12327
12329
12330
12337
12338
12339
12343
12344
12345
12346
12347
12351
12356
12357
12360
12361
12362
12368
12376
12377
12379
12380
12384
12391
12397
12400
12403
12406
12408
12410
12411
12412
12413
12423
12425
12437
12439
12440
12442
12445
12448
12457
12461
12471
12472
12476
12479
12480
12481
12483
12485
12487
12489
12496
12498
12502
12508
12511
12517
12518
12519
12521
12524
12526
12531
12532
12533
12537
12538
12540
12542
12543
12546
12550
12553
12560
12565
12567
12571
12573
12575
12576
12581
12586
12589
12595
12597
12601
12606
12611
12613
12620
12622
12628
12629
12632
12634
12635
12637
12639
12640
12642
12645
12651
12655
12657
12659
12660
12661
12663
12664
12666
12668
12669
12670
12673
12676
12679
12684
12686
12688
12693
12696
12704
12706
12707
12709
12711
12712
12713
12720
12726
12727
12731
12733
12735
12737
12740
12743
12745
12746
12754
12760
12761
12763
12764
12768
12769
12772
12773
12776
12777
12779
12791
12792
12795
12796
12797
12798
12799
12800
12801
12805
12811
12813
12814
12820
12821
12831
12833
12834
12838
12841
12847
12849
12855
12856
12857
12860
12861
12866
12867
12868
12870
12875
12878
12879
12880
12885
12890
12894
12895
12896
12899
12902
12903
12905
12906
12909
12912
12914
12917
12920
12934
12935
12936
12937
12938
12946
12948
12949
12952
12954
12957
12964
12965
12967
12968
12970
12972
12974
12978
12982
12983
12984
12991
12993
12995
13002
13004
13007
13010
13023
13032
13033
13035
13036
13049
13050
13052
13054
13055
13063
13068
13074
13078
13079
13083
13084
13086
13087
13096
13097
13098
13101
13107
13108
13109
13110
13111
13116
13117
13123
13127
13131
13133
13136
13138
13139
13140
13143
13146
13149
13150
13153
13156
13164
13167
13168
13171
13174
13176
13177
13179
13181
13183
13185
13190
13192
13193
13195
13201
13208
13210
13212
13218
13219
13226
13227
13228
13229
13234
13236
13237
13238
13239
13249
13251
13253
13257
13258
13259
13262
13263
13264
13267
13268
13272
13276
13286
13288
13289
13293
13296
13301
13302
13303
13305
13309
13314
13316
13318
13319
13323
13325
13330
13333
13338
13339
13345
13347
13350
13353
13354
13359
13360
13364
13366
13373
13376
13377
13384
13385
13386
13393
13394
13396
13398
13401
13407
13408
13412
13418
13421
13422
13428
13430
13431
13435
13436
13438
13440
13443
13448
13451
13452
13453
13463
13469
13477
13478
13480
13485
13487
13491
13493
13497
13501
13502
13506
13515
13518
13519
13521
13529
13532
13536
13538
13540
13542
13543
13545
13547
13548
13553
13554
13558
13563
13565
13569
13570
13575
13578
13579
13583
13584
13586
13587
13588
13591
13592
13593
13598
13599
13600
13601
13602
13603
13607
13608
13611
13614
13616
13618
13622
13623
13625
13627
13629
13631
13634
13637
13640
13642
13644
13645
13646
13661
13663
13664
13666
13668
13669
13684
13689
13696
13699
13700
13703
13705
13710
13711
13715
13719
13720
13725
13727
13730
13732
13733
13735
13740
13742
13744
13755
13761
13764
13765
13767
13778
13782
13789
13791
13794
13795
13796
13805
13806
13807
13808
13815
13816
13819
13825
13826
13835
13838
13839
13840
13841
13842
13843
13847
13849
13852
13853
13856
13857
13859
13864
13866
13869
13871
13881
13883
13887
13890
13897
13899
13902
13905
13906
13907
13909
13921
13922
13924
13934
13938
13941
13943
13948
13949
13950
13951
13954
13956
13957
13960
13961
13962
13965
13967
13969
13970
13973
13976
13977
13978
13979
13980
13983
13985
13990
13992
13993
13994
13996
13998
14005
14007
14008
14010
14016
14019
14024
14025
14031
14036
14041
14042
14044
14047
14048
14053
14054
14055
14058
14059
14060
14061
14065
14069
14072
14076
14077
14079
14081
14083
14091
14093
14094
14097
14098
14101
14104
14107
14112
14114
14116
14119
14123
14127
14130
14131
14135
14139
14141
14143
14150
14154
14156
14159
14166
14167
14170
14173
14174
14175
14176
14180
14183
14185
14186
14189
14191
14194
14195
14196
14197
14202
14205
14207
14211
14212
14219
14225
14226
14227
14229
14230
14237
14244
14245
14248
14249
14252
14254
14255
14259
14263
14265
14266
14267
14269
14272
14282
14290
14291
14294
14301
14302
14310
14311
14314
14315
14316
14321
14323
14325
14328
14332
14334
14338
14342
14345
14348
14354
14363
14376
14379
14381
14383
14386
14387
14389
14390
14391
14392
14393
14394
14395
14397
14398
14400
14404
14405
14408
14409
14412
14414
14420
14427
14429
14430
14432
14434
14435
14438
14439
14440
14443
14446
14451
14453
14454
14456
14457
14458
14460
14463
14465
14467
14469
14472
14473
14474
14475
14478
14485
14486
14488
14489
14495
14496
14497
14502
14506
14507
14510
14515
14516
14517
14519
14520
14521
14522
14526
14527
14532
14533
14535
14539
14543
14544
14550
14551
14558
14561
14563
14564
14565
14567
14568
14571
14572
14575
14577
14578
14579
14582
14583
14584
14588
14590
14592
14593
14598
14599
14600
14606
14607
14611
14613
14614
14624
14626
14628
14629
14637
14640
14641
14646
14654
14655
14658
14660
14662
14664
14669
14670
14671
14672
14676
14677
14679
14684
14685
14690
14691
14692
14699
14701
14702
14705
14709
14711
14714
14715
14722
14723
14732
14735
14738
14744
14747
14749
14753
14755
14757
14761
14764
14768
14772
14773
14774
14777
14780
14784
14792
14793
14796
14797
14800
14802
14808
14814
14816
14817
14822
14823
14824
14825
14828
14830
14833
14836
14840
14843
14849
14850
14851
14853
14854
14858
14859
14863
14865
14869
14870
14873
14875
14878
14879
14881
14884
14887
14888
14891
14892
14897
14898
14899
14900
14906
14909
14911
14914
14918
14919
14921
14922
14924
14927
14929
14931
14932
14936
14939
14945
14947
14949
14950
14951
14955
14957
14960
14967
14975
14977
14987
14993
14995
14999
15003
15008
15013
15017
15019
15020
15021
15022
15023
15024
15026
15030
15033
15035
15036
15041
15042
15046
15048
15052
15054
15055
15056
15057
15061
15066
15079
15084
15091
15103
15106
15112
15116
15118
15120
15122
15124
15127
15133
15134
15141
15144
15145
15149
15153
15156
15160
15166
15170
15174
15175
15179
15185
15187
15189
15190
15191
15193
15198
15201
15203
15207
15209
15210
15216
15217
15219
15220
15221
15223
15226
15227
15228
15230
15232
15233
15234
15236
15243
15250
15253
15254
15256
15257
15263
15265
15267
15270
15272
15274
15275
15276
15277
15278
15279
15283
15284
15285
15287
15293
15295
15298
15301
15305
15311
15312
15313
15314
15320
15324
15325
15329
15337
15351
15353
15356
15357
15358
15359
15364
15365
15366
15369
15370
15380
15382
15383
15386
15390
15392
15394
15395
15396
15398
15404
15409
15413
15415
15417
15418
15420
15421
15427
15428
15430
15436
15439
15440
15441
15450
15454
15455
15456
15460
15465
15468
15469
15472
15476
15480
15481
15484
15486
15487
15490
15491
15495
15496
15498
15501
15503
15504
15505
15509
15510
15514
15515
15521
15526
15530
15531
15535
15537
15541
15542
15545
15546
15548
15551
15558
15563
15565
15566
15569
15570
15575
15577
15578
15585
15590
15596
15599
15602
15607
15608
15617
15619
15624
15626
15627
15630
15633
15636
15637
15641
15644
15645
15646
15647
15651
15655
15657
15659
15662
15672
15676
15677
15678
15679
15684
15685
15686
15693
15694
15696
15697
15701
15703
15704
15706
15709
15713
15714
15716
15717
15718
15719
15720
15725
15726
15727
15728
15730
15733
15737
15739
15740
15744
15745
15747
15748
15749
15751
15754
15756
15759
15760
15761
15763
15769
15770
15774
15776
15777
15778
15780
15782
15784
15785
15787
15789
15793
15794
15801
15805
15807
15809
15811
15812
15814
15815
15816
15817
15821
15827
15831
15835
15838
15840
15842
15847
15849
15853
15854
15855
15856
15871
15875
15876
15877
15885
15886
15888
15892
15893
15894
15895
15900
15902
15907
15911
15914
15916
15918
15922
15924
15925
15926
15927
15928
15930
15933
15934
15935
15945
15946
15948
15952
15954
15961
15964
15968
15974
15975
15976
15977
15982
15987
15990
15991
15999
16009
16014
16016
16019
16020
16025
16032
16034
16035
16038
16042
16044
16045
16046
16052
16053
16055
16060
16061
16066
16068
16071
16072
16073
16074
16076
16084
16087
16088
16092
16096
16099
16103
16107
16112
16115
16117
16119
16121
16122
16123
16125
16128
16129
16132
16133
16136
16143
16144
16145
16148
16149
16150
16153
16156
16159
16163
16164
16166
16172
16173
16174
16178
16180
16182
16184
16185
16186
16188
16194
16195
16196
16199
16207
16210
16213
16216
16221
16222
16228
16232
16236
16237
16240
16241
16242
16247
16254
16256
16258
16260
16264
16271
16275
16277
16278
16279
16284
16286
16290
16293
16296
16298
16300
16301
16305
16311
16312
16314
16317
16319
16324
16329
16330
16332
16333
16334
16335
16336
16337
16338
16345
16347
16348
16351
16353
16355
16357
16359
16360
16362
16365
16366
16368
16369
16370
16374
16375
16377
16378
16381
16382
16384
16391
16392
16394
16396
16400
16402
16406
16409
16410
16411
16412
16413
16428
16435
16445
16449
16451
16454
16455
16458
16459
16462
16463
16468
16474
16475
16481
16486
16487
16488
16489
16490
16492
16504
16511
16516
16518
16519
16521
16522
16526
16528
16535
16536
16537
16546
16549
16550
16551
16552
16553
16554
16557
16558
16560
16561
16565
16567
16574
16575
16577
16579
16586
16587
16590
16595
16600
16603
16607
16612
16616
16618
16619
16621
16625
16630
16635
16636
16639
16641
16644
16646
16651
16655
16657
16660
16662
16663
16666
16669
16670
16681
16682
16684
16689
16690
16691
16695
16696
16697
16698
16711
16712
16714
16715
16724
16726
16729
16731
16732
16738
16740
16743
16744
16745
16748
16750
16751
16752
16753
16754
16755
16759
16760
16761
16765
16774
16775
16776
16777
16779
16784
16787
16788
16789
16792
16794
16800
16802
16804
16805
16810
16814
16816
16817
16819
16822
16827
16830
16832
16838
16839
16840
16843
16846
16847
16848
16849
16852
16853
16855
16856
16858
16860
16865
16866
16867
16873
16874
16876
16881
16886
16888
16894
16895
16897
16899
16901
16903
16905
16909
16910
16914
16917
16918
16921
16922
16924
16926
16927
16928
16929
16932
16934
16945
16946
16947
16958
16960
16961
16964
16967
16968
16973
16975
16976
16979
16982
16988
16989
16990
16992
16994
16996
16997
16999
17002
17003
17005
17006
17009
17010
17012
17018
17021
17024
17026
17027
17029
17031
17038
17047
17051
17052
17061
17067
17068
17069
17072
17074
17079
17081
17083
17086
17089
17094
17098
17108
17110
17111
17112
17113
17114
17118
17121
17122
17125
17128
17132
17134
17135
17137
17138
17141
17142
17143
17144
17145
17149
17151
17152
17155
17157
17161
17162
17165
17167
17169
17171
17174
17175
17182
17190
17191
17192
17193
17194
17208
17214
17216
17226
17229
17230
17232
17234
17236
17238
17239
17240
17241
17244
17245
17249
17250
17251
17253
17255
17259
17262
17268
17269
17273
17274
17275
17280
17282
17287
17292
17293
17295
17302
17308
17320
17321
17322
17324
17325
17331
17336
17339
17341
17347
17350
17351
17352
17355
17362
17367
17370
17372
17374
17375
17383
17385
17388
17389
17398
17401
17406
17412
17414
17415
17417
17421
17432
17436
17439
17443
17444
17455
17456
17457
17462
17469
17472
17474
17475
17478
17483
17484
17485
17488
17492
17493
17496
17497
17506
17513
17515
17522
17526
17528
17530
17531
17532
17538
17539
17541
17546
17547
17548
17551
17552
17556
17564
17566
17570
17574
17575
17580
17581
17582
17585
17586
17589
17595
17599
17600
17604
17605
17606
17608
17610
17613
17614
17616
17622
17629
17634
17635
17638
17640
17642
17646
17647
17650
17651
17652
17655
17658
17659
17660
17667
17668
17670
17675
17677
17679
17680
17681
17682
17683
17686
17687
17688
17690
17691
17692
17693
17696
17699
17702
17703
17704
17707
17708
17709
17711
17713
17716
17735
17739
17742
17745
17748
17750
17751
17753
17754
17758
17759
17762
17763
17765
17766
17774
17775
17777
17779
17781
17782
17785
17786
17788
17789
17794
17795
17796
17797
17802
17803
17807
17809
17810
17813
17815
17817
17819
17822
17823
17827
17828
17832
17835
17837
17838
17839
17843
17847
17848
17850
17853
17857
17858
17859
17863
17866
17873
17880
17883
17888
17889
17891
17899
17901
17905
17906
17907
17909
17912
17913
17924
17926
17928
17936
17938
17943
17946
17947
17948
17949
17955
17956
17959
17963
17964
17966
17968
17970
17971
17976
17977
17979
17983
17987
17988
17996
17997
17998
18000
18004
18007
18008
18013
18018
18026
18027
18031
18033
18036
18037
18038
18042
18054
18056
18057
18061
18062
18068
18076
18084
18086
18088
18089
18090
18094
18099
18100
18103
18105
18108
18109
18111
18114
18115
18119
18120
18121
18122
18123
18124
18126
18129
18130
18132
18135
18144
18152
18154
18155
18159
18160
18161
18162
18166
18179
18180
18183
18190
18195
18197
18203
18208
18211
18213
18214
18215
18216
18217
18224
18225
18229
18231
18233
18234
18239
18241
18245
18248
18250
18253
18254
18255
18258
18260
18263
18265
18266
18273
18274
18275
18282
18286
18288
18290
18293
18294
18298
18299
18301
18307
18312
18318
18320
18321
18336
18338
18340
18342
18348
18349
18350
18353
18356
18357
18359
18363
18366
18367
18369
18377
18379
18385
18400
18401
18402
18411
18413
18414
18415
18419
18420
18421
18423
18434
18436
18439
18443
18447
18456
18457
18458
18459
18460
18461
18462
18463
18465
18467
18468
18477
18481
18483
18484
18485
18487
18489
18496
18498
18500
18508
18509
18510
18511
18513
18514
18516
18517
18518
18520
18526
18527
18529
18530
18531
18538
18541
18543
18544
18545
18546
18547
18548
18554
18556
18557
18564
18565
18569
18572
18583
18584
18585
18588
18589
18590
18596
18598
18599
18600
18605
18608
18610
18611
18612
18617
18618
18619
18620
18622
18623
18625
18626
18629
18638
18642
18644
18646
18647
18648
18649
18655
18657
18662
18665
18676
18677
18678
18681
18684
18686
18687
18694
18695
18696
18697
18699
18700
18704
18708
18712
18717
18719
18725
18727
18733
18734
18735
18736
18738
18740
18741
18748
18754
18755
18756
18761
18766
18768
18771
18774
18779
18780
18783
18784
18786
18788
18790
18792
18797
18803
18815
18819
18822
18824
18832
18836
18842
18844
18845
18847
18851
18857
18860
18862
18865
18866
18867
18875
18877
18885
18886
18887
18888
18889
18891
18895
18896
18897
18898
18900
18902
18903
18906
18908
18910
18911
18912
18920
18921
18927
18928
18931
18936
18940
18942
18944
18945
18948
18949
18950
18952
18953
18954
18958
18960
18961
18962
18966
18967
18970
18971
18972
18974
18976
18978
18981
18982
18983
18984
18985
18987
18992
18996
18998
18999
19002
19006
19011
19012
19013
19016
19017
19018
19022
19029
19035
19038
19039
19043
19048
19051
19052
19053
19055
19056
19057
19058
19060
19062
19064
19069
19070
19074
19079
19080
19081
19083
19093
19095
19102
19104
19105
19110
19113
19116
19117
19119
19124
19125
19126
19129
19133
19135
19136
19139
19141
19144
19147
19148
19150
19151
19154
19160
19161
19167
19173
19175
19177
19181
19182
19183
19185
19186
19190
19195
19200
19201
19206
19208
19209
19212
19213
19215
19216
19218
19220
19221
19226
19228
19229
19230
19231
19233
19236
19242
19246
19255
19256
19261
19262
19263
19267
19270
19275
19282
19283
19286
19289
19293
19294
19296
19297
19301
19303
19306
19308
19310
19316
19325
19326
19328
19330
19334
19344
19345
19347
19352
19353
19354
19355
19358
19361
19364
19370
19373
19380
19383
19396
19397
19398
19409
19410
19411
19412
19416
19424
19430
19432
19434
19435
19437
19440
19441
19444
19449
19450
19452
19453
19458
19461
19463
19469
19470
19472
19475
19476
19478
19493
19494
19495
19496
19497
19499
19509
19510
19512
19518
19522
19526
19527
19529
19533
19535
19536
19538
19541
19555
19559
19560
19568
19569
19577
19582
19583
19584
19587
19588
19592
19593
19594
19596
19597
19599
19603
19604
19607
19610
19612
19616
19617
19620
19622
19623
19624
19629
19631
19632
19634
19635
19637
19641
19653
19666
19667
19669
19670
19673
19674
19677
19678
19680
19681
19687
19690
19691
19692
19696
19700
19701
19705
19708
19710
19712
19713
19714
19716
19722
19728
19729
19731
19733
19734
19736
19741
19742
19743
19744
19749
19754
19755
19757
19761
19769
19777
19782
19785
19786
19791
19793
19794
19799
19806
19811
19813
19815
19817
19818
19823
19827
19828
19833
19834
19837
19839
19840
19841
19845
19850
19851
19854
19855
19856
19862
19870
19877
19891
19892
19896
19908
19911
19913
19914
19918
19922
19923
19926
19928
19932
19938
19945
19947
19952
19966
19970
19975
19977
19981
19983
19987
19989
19990
19991
19996
20000
20004
20006
20007
20009
20010
20024
20034
20038
20039
20041
20043
20046
20049
20050
20052
20053
20060
20061
20062
20063
20064
20069
20072
20077
20079
20083
20084
20086
20088
20094
20098
20101
20103
20107
20111
20113
20115
20116
20117
20119
20120
20121
20124
20126
20129
20130
20133
20135
20140
20145
20147
20154
20155
20158
20162
20163
20165
20167
20169
20171
20174
20178
20181
20186
20190
20192
20194
20195
20197
20198
20199
20201
20204
20208
20213
20217
20218
20219
20224
20225
20226
20227
20229
20230
20237
20238
20240
20241
20242
20243
20245
20246
20247
20248
20250
20252
20254
20255
20257
20262
20268
20274
20282
20283
20287
20292
20293
20303
20308
20309
20310
20318
20320
20322
20324
20326
20327
20330
20334
20336
20339
20341
20345
20351
20352
20353
20354
20356
20361
20362
20365
20367
20374
20375
20377
20378
20381
20383
20384
20385
20388
20389
20400
20409
20410
20412
20414
20421
20425
20428
20432
20433
20435
20437
20441
20442
20447
20451
20453
20456
20460
20461
20462
20463
20465
20472
20473
20474
20476
20479
20480
20482
20489
20490
20496
20498
20502
20506
20508
20510
20511
20513
20515
20518
20534
20536
20540
20545
20546
20548
20549
20550
20551
20553
20560
20561
20563
20564
20566
20567
20570
20571
20573
20574
20575
20578
20579
20580
20582
20583
20587
20589
20593
20597
20598
20602
20603
20605
20607
20611
20612
20616
20621
20624
20626
20627
20628
20633
20634
20635
20638
20639
20643
20648
20658
20664
20665
20671
20678
20679
20686
20689
20690
20691
20698
20699
20701
20704
20706
20708
20711
20713
20717
20724
20735
20740
20742
20743
20745
20747
20750
20751
20752
20756
20758
20759
20760
20767
20777
20779
20782
20783
20785
20790
20791
20792
20793
20796
20804
20815
20816
20819
20824
20832
20836
20837
20838
20844
20846
20854
20855
20860
20864
20865
20866
20868
20873
20874
20877
20878
20881
20883
20886
20891
20894
20896
20898
20899
20900
20903
20904
20905
20906
20908
20909
20913
20917
20920
20922
20929
20931
20938
20940
20941
20944
20947
20949
20951
20955
20957
20966
20967
20968
20969
20972
20975
20976
20977
20978
20981
20984
20996
21000
21002
21003
21008
21009
21010
21013
21014
21015
21025
21026
21029
21031
21035
21037
21041
21042
21046
21048
21049
21050
21057
21066
21067
21068
21071
21072
21074
21079
21083
21084
21085
21088
21090
21092
21098
21099
21102
21103
21108
21112
21115
21118
21122
21125
21135
21138
21139
21141
21144
21146
21148
21149
21152
21153
21156
21159
21161
21162
21165
21166
21168
21173
21178
21189
21195
21197
21202
21206
21209
21210
21211
21213
21217
21219
21220
21224
21227
21229
21233
21234
21244
21246
21249
21251
21256
21257
21258
21265
21267
21269
21270
21271
21273
21274
21275
21276
21280
21282
21284
21286
21298
21302
21305
21306
21307
21312
21317
21318
21321
21322
21325
21328
21329
21334
21339
21344
21348
21349
21350
21352
21357
21358
21362
21364
21369
21370
21372
21376
21379
21380
21388
21391
21401
21402
21403
21405
21410
21422
21423
21424
21425
21426
21431
21435
21438
21444
21445
21450
21452
21453
21454
21460
21462
21468
21471
21475
21479
21483
21486
21494
21496
21497
21502
21504
21507
21508
21510
21512
21513
21520
21521
21522
21529
21530
21533
21537
21538
21543
21545
21546
21547
21548
21553
21554
21557
21559
21561
21569
21572
21574
21580
21582
21583
21584
21589
21590
21597
21598
21601
21603
21605
21607
21610
21613
21614
21615
21623
21625
21626
21629
21630
21632
21633
21647
21652
21653
21659
21660
21663
21666
21668
21672
21675
21678
21684
21686
21689
21700
21705
21706
21707
21709
21714
21717
21719
21727
21729
21734
21738
21739
21742
21745
21766
21773
21776
21784
21786
21788
21794
21798
21799
21804
21809
21813
21818
21820
21821
21827
21828
21829
21833
21834
21836
21842
21845
21846
21847
21857
21859
21860
21862
21866
21869
21870
21871
21873
21874
21876
21878
21880
21882
21885
21886
21891
21893
21898
21900
21903
21905
21908
21910
21911
21912
21915
21916
21920
21922
21926
21932
21940
21942
21944
21945
21948
21951
21955
21960
21962
21965
21966
21967
21968
21970
21971
21975
21981
21988
21990
21991
21992
21994
21995
21999
22000
22004
22010
22019
22020
22025
22029
22032
22034
22035
22038
22039
22040
22043
22044
22047
22050
22051
22052
22055
22059
22064
22065
22067
22070
22073
22077
22078
22079
22080
22083
22085
22088
22091
22092
22098
22102
22105
22108
22110
22122
22123
22130
22131
22134
22137
22138
22139
22143
22144
22148
22154
22156
22158
22162
22165
22171
22175
22176
22178
22181
22183
22184
22186
22187
22190
22191
22200
22202
22204
22206
22207
22208
22210
22213
22214
22216
22221
22222
22227
22228
22232
22234
22237
22238
22241
22242
22245
22246
22250
22251
22252
22253
22256
22260
22264
22266
22270
22276
22283
22285
22287
22291
22293
22294
22299
22300
22301
22306
22308
22311
22312
22316
22317
22318
22320
22321
22324
22326
22329
22330
22332
22333
22337
22338
22339
22340
22350
22353
22354
22358
22360
22361
22364
22366
22370
22373
22380
22383
22384
22386
22389
22390
22391
22392
22393
22394
22396
22399
22400
22401
22403
22412
22416
22417
22421
22422
22423
22425
22426
22427
22429
22435
22439
22443
22448
22449
22463
22464
22466
22467
22469
22474
22475
22480
22487
22489
22490
22491
22492
22494
22498
22508
22512
22513
22518
22520
22521
22525
22530
22532
22537
22539
22544
22545
22550
22554
22557
22559
22560
22567
22572
22573
22575
22578
22579
22585
22587
22588
22592
22599
22602
22603
22609
22615
22618
22622
22623
22630
22632
22639
22642
22648
22651
22652
22655
22656
22657
22658
22659
22660
22662
22663
22664
22668
22669
22673
22677
22680
22683
22687
22690
22691
22692
22693
22695
22696
22697
22705
22706
22709
22710
22715
22717
22723
22726
22727
22732
22737
22746
22753
22757
22765
22770
22771
22777
22780
22782
22783
22784
22788
22792
22794
22795
22796
22797
22800
22801
22802
22804
22805
22808
22815
22818
22819
22821
22825
22829
22831
22835
22844
22846
22849
22851
22853
22855
22856
22859
22860
22861
22863
22866
22871
22872
22877
22878
22879
22882
22883
22888
22890
22891
22896
22901
22908
22910
22913
22914
22915
22919
22921
22924
22927
22933
22936
22937
22941
22942
22944
22946
22949
22951
22956
22963
22965
22968
22980
22983
22984
22987
22991
23000
23003
23005
23008
23010
23014
23015
23017
23018
23020
23022
23023
23028
23031
23035
23036
23037
23038
23041
23042
23049
23051
23056
23057
23060
23063
23066
23073
23075
23080
23082
23084
23086
23087
23089
23091
23092
23093
23094
23097
23100
23105
23107
23110
23114
23117
23118
23121
23126
23127
23130
23131
23138
23142
23145
23147
23150
23154
23157
23159
23161
23162
23164
23167
23171
23175
23176
23177
23180
23186
23190
23198
23201
23202
23209
23210
23211
23219
23221
23224
23226
23230
23231
23232
23233
23236
23237
23242
23244
23245
23248
23250
23259
23261
23262
23267
23270
23280
23281
23291
23292
23298
23299
23302
23304
23306
23308
23311
23312
23313
23316
23321
23322
23325
23334
23335
23339
23345
23348
23353
23354
23356
23359
23365
23367
23368
23370
23371
23384
23386
23389
23390
23394
23396
23397
23399
23401
23405
23406
23407
23413
23415
23417
23418
23419
23420
23427
23433
23436
23440
23442
23447
23448
23450
23452
23456
23459
23463
23464
23466
23468
23469
23470
23473
23478
23480
23481
23483
23486
23490
23491
23492
23502
23503
23507
23508
23511
23514
23517
23520
23523
23525
23526
23529
23530
23531
23532
23533
23535
23537
23539
23546
23547
23549
23550
23552
23554
23556
23559
23560
23566
23568
23571
23575
23578
23579
23580
23581
23583
23584
23594
23599
23600
23602
23604
23614
23615
23617
23618
23620
23626
23627
23632
23633
23636
23641
23652
23656
23669
23674
23675
23680
23681
23687
23688
23691
23693
23694
23695
23696
23697
23701
23710
23711
23712
23716
23719
23726
23731
23734
23735
23737
23741
23744
23745
23748
23749
23751
23752
23755
23756
23757
23759
23760
23761
23762
23764
23766
23768
23771
23777
23779
23780
23782
23785
23786
23788
23790
23795
23797
23798
23804
23809
23811
23814
23815
23824
23826
23827
23828
23829
23830
23833
23837
23838
23840
23844
23846
23847
23849
23851
23857
23858
23861
23866
23868
23871
23872
23873
23874
23877
23882
23884
23885
23888
23890
23891
23892
23897
23900
23903
23906
23912
23920
23922
23924
23928
23929
23933
23934
23940
23943
23947
23949
23952
23956
23961
23962
23966
23971
23976
23977
23980
23985
23986
23990
23997
24001
24004
24008
24013
24018
24019
24021
24022
24023
24029
24039
24040
24047
24049
24052
24053
24056
24057
24061
24063
24064
24065
24067
24071
24074
24075
24077
24080
24083
24084
24085
24086
24096
24100
24102
24105
24108
24111
24114
24117
24118
24121
24122
24125
24127
24129
24132
24133
24141
24142
24143
24149
24152
24157
24158
24168
24170
24172
24174
24178
24182
24185
24188
24190
24191
24193
24204
24210
24221
24222
24223
24226
24229
24233
24236
24237
24239
24242
24243
24244
24247
24248
24249
24253
24262
24268
24269
24276
24279
24281
24285
24286
24287
24288
24289
24292
24298
24323
24325
24326
24330
24332
24334
24336
24343
24344
24355
24357
24359
24360
24361
24366
24369
24373
24374
24378
24379
24386
24387
24389
24396
24397
24400
24402
24403
24407
24412
24414
24417
24426
24431
24432
24435
24439
24444
24447
24448
24459
24460
24462
24463
24465
24471
24475
24476
24477
24478
24486
24496
24499
24504
24506
24508
24510
24514
24515
24523
24524
24528
24532
24535
24536
24543
24546
24547
24548
24552
24556
24559
24560
24562
24564
24567
24569
24571
24573
24575
24577
24582
24586
24587
24589
24590
24591
24593
24594
24597
24600
24601
24603
24607
24608
24610
24611
24613
24614
24616
24617
24622
24623
24629
24630
24633
24634
24635
24638
24643
24647
24652
24656
24659
24662
24666
24675
24676
24677
24681
24687
24689
24690
24691
24692
24693
24694
24695
24697
24708
24710
24711
24712
24714
24718
24721
24723
24725
24727
24737
24739
24742
24743
24745
24746
24747
24750
24753
24759
24761
24762
24763
24772
24774
24776
24779
24783
24785
24787
24788
24792
24793
24794
24799
24800
24801
24802
24803
24804
24805
24806
24808
24810
24813
24814
24815
24820
24821
24822
24823
24824
24825
24826
24827
24828
24831
24834
24836
24837
24841
24843
24844
24845
24846
24850
24851
24852
24854
24856
24858
24860
24862
24865
24866
24868
24872
24876
24877
24880
24881
24882
24888
24891
24892
24893
24894
24896
24897
24898
24900
24901
24903
24908
24909
24912
24915
24920
24921
24922
24923
24926
24929
24930
24934
24936
24938
24942
24947
24948
24953
24955
24957
24958
24959
24963
24964
24965
24977
24982
24984
24988
24990
24992
24994
24995
25001
25003
25008
25009
25012
25014
25016
25020
25026
25027
25030
25031
25036
25037
25039
25040
25041
25044
25045
25049
25054
25059
25060
25061
25064
25066
25070
25071
25073
25076
25080
25081
25084
25086
25087
25093
25099
25103
25104
25107
25108
25111
25112
25113
25120
25124
25133
25137
25140
25144
25147
25150
25151
25154
25155
25157
25158
25159
25160
25162
25164
25165
25167
25172
25174
25177
25178
25179
25180
25184
25188
25189
25191
25201
25209
25212
25213
25214
25217
25221
25222
25225
25226
25227
25230
25235
25248
25251
25255
25256
25257
25267
25270
25284
25286
25290
25295
25302
25303
25304
25305
25306
25311
25312
25314
25315
25317
25321
25328
25330
25338
25340
25341
25343
25345
25347
25357
25360
25364
25367
25368
25372
25373
25381
25382
25385
25394
25400
25408
25411
25412
25413
25415
25417
25418
25421
25423
25428
25430
25432
25436
25437
25442
25449
25454
25456
25461
25463
25466
25469
25473
25474
25475
25481
25482
25483
25484
25487
25489
25491
25492
25498
25504
25505
25506
25507
25509
25511
25516
25518
25519
25520
25523
25528
25534
25536
25537
25540
25541
25542
25550
25551
25554
25557
25562
25568
25571
25574
25579
25580
25581
25591
25596
25602
25603
25606
25612
25616
25618
25627
25634
25638
25639
25647
25658
25662
25665
25672
25673
25674
25683
25686
25689
25690
25692
25693
25696
25698
25699
25700
25707
25711
25717
25723
25727
25728
25729
25732
25734
25736
25739
25741
25743
25746
25747
25750
25751
25753
25760
25766
25769
25770
25771
25772
25773
25774
25775
25777
25780
25788
25790
25794
25801
25803
25808
25809
25811
25812
25814
25815
25820
25822
25825
25827
25828
25833
25835
25838
25840
25841
25847
25848
25853
25856
25857
25858
25862
25865
25879
25880
25882
25885
25889
25891
25904
25905
25912
25915
25916
25917
25921
25928
25929
25935
25937
25938
25939
25940
25941
25944
25946
25949
25950
25952
25954
25955
25959
25961
25963
25965
25967
25969
25970
25972
25973
25975
25983
25985
25987
25989
25992
25993
25997
26012
26013
26017
26027
26031
26036
26038
26040
26043
26046
26049
26051
26052
26054
26055
26058
26061
26067
26071
26073
26079
26083
26086
26088
26091
26092
26094
26095
26097
26102
26103
26105
26109
26115
26118
26119
26121
26123
26124
26125
26126
26132
26133
26134
26139
26140
26142
26148
26152
26157
26158
26159
26160
26161
26162
26166
26167
26169
26172
26174
26178
26181
26183
26184
26185
26186
26187
26188
26192
26194
26195
26198
26201
26209
26211
26215
26216
26218
26219
26222
26224
26227
26228
26229
26231
26233
26239
26249
26260
26261
26262
26264
26265
26271
26274
26277
26281
26283
26285
26290
26292
26293
26294
26306
26307
26308
26310
26313
26315
26316
26317
26318
26320
26328
26337
26339
26350
26356
26360
26362
26368
26373
26374
26380
26381
26384
26388
26390
26392
26397
26398
26401
26408
26411
26412
26426
26431
26432
26433
26441
26445
26446
26447
26450
26452
26456
26458
26467
26469
26470
26472
26474
26479
26480
26483
26484
26485
26487
26491
26492
26494
26497
26502
26506
26507
26514
26515
26519
26520
26527
26528
26532
26534
26535
26538
26539
26542
26543
26544
26548
26550
26551
26552
26556
26562
26575
26576
26579
26585
26586
26588
26589
26595
26597
26601
26603
26606
26607
26608
26611
26615
26619
26626
26630
26632
26633
26638
26645
26647
26648
26649
26650
26658
26661
26664
26666
26672
26676
26678
26682
26684
26685
26686
26688
26691
26696
26700
26702
26704
26705
26708
26709
26710
26711
26712
26715
26716
26720
26724
26733
26734
26735
26737
26739
26744
26745
26746
26747
26749
26754
26756
26762
26767
26770
26771
26774
26775
26776
26777
26779
26787
26788
26790
26791
26792
26793
26795
26796
26802
26804
26814
26818
26822
26825
26826
26828
26829
26837
26843
26844
26848
26850
26856
26861
26864
26866
26868
26871
26873
26874
26875
26877
26879
26885
26887
26889
26891
26898
26912
26913
26914
26916
26917
26921
26924
26928
26929
26930
26935
26936
26941
26948
26951
26952
26954
26959
26961
26963
26964
26967
26968
26973
26978
26979
26980
26981
26986
26991
26993
26995
26996
26997
27001
27002
27003
27006
27007
27013
27014
27022
27024
27025
27028
27029
27030
27037
27042
27043
27046
27049
27051
27053
27054
27056
27058
27059
27060
27066
27067
27069
27071
27077
27078
27079
27080
27081
27082
27084
27085
27087
27088
27089
27090
27091
27094
27095
27096
27101
27102
27103
27105
27106
27108
27109
27119
27120
27121
27123
27124
27133
27135
27136
27146
27148
27149
27150
27151
27152
27154
27157
27158
27160
27161
27162
27166
27167
27168
27172
27173
27174
27175
27176
27177
27186
27188
27189
27190
27192
27193
27194
27195
27196
27200
27203
27208
27210
27211
27218
27219
27227
27230
27231
27232
27235
27236
27237
27239
27245
27247
27248
27249
27251
27253
27257
27259
27260
27263
27266
27269
27270
27272
27273
27279
27280
27286
27289
27291
27293
27294
27295
27296
27299
27303
27304
27314
27315
27316
27324
27328
27333
27335
27338
27341
27350
27351
27352
27354
27357
27359
27360
27362
27364
27365
27366
27369
27372
27376
27378
27382
27383
27386
27394
27395
27399
27402
27404
27409
27411
27414
27415
27416
27417
27418
27420
27421
27423
27425
27427
27434
27436
27438
27439
27440
27441
27443
27446
27447
27451
27454
27455
27457
27458
27459
27462
27463
27464
27468
27469
27470
27476
27477
27478
27482
27483
27486
27490
27491
27492
27493
27494
27500
27501
27505
27506
27508
27510
27511
27512
27513
27515
27519
27520
27527
27528
27531
27535
27536
27537
27541
27542
27543
27544
27545
27546
27547
27548
27551
27553
27554
27558
27560
27561
27562
27567
27570
27572
27574
27576
27577
27579
27580
27582
27585
27586
27588
27589
27590
27593
27597
27602
27608
27609
27612
27617
27621
27628
27636
27638
27639
27640
27642
27643
27644
27647
27648
27652
27654
27655
27659
27664
27666
27674
27676
27677
27678
27679
27682
27684
27694
27695
27699
27701
27703
27705
27706
27711
27712
27716
27723
27725
27726
27727
27729
27732
27735
27736
27738
27742
27743
27744
27745
27748
27751
27753
27755
27758
27760
27766
27768
27770
27777
27781
27786
27788
27789
27795
27796
27798
27802
27807
27808
27811
27816
27833
27834
27837
27838
27841
27842
27850
27851
27854
27855
27856
27861
27864
27865
27867
27868
27870
27871
27872
27874
27879
27884
27886
27887
27889
27893
27900
27905
27909
27910
27912
27913
27916
27919
27921
27927
27931
27934
27937
27939
27940
27941
27944
27945
27946
27951
27953
27955
27957
27961
27962
27963
27964
27967
27970
27973
27975
27977
27978
27979
27983
27987
27993
27996
28000
28005
28006
28011
28012
28017
28019
28021
28025
28026
28028
28033
28041
28043
28044
28047
28049
28050
28055
28056
28057
28058
28060
28062
28063
28064
28065
28068
28071
28072
28073
28075
28077
28079
28083
28084
28095
28096
28098
28099
28100
28104
28109
28111
28116
28117
28118
28119
28120
28123
28124
28125
28129
28132
28136
28137
28142
28146
28148
28150
28151
28154
28155
28160
28161
28162
28163
28164
28165
28166
28171
28172
28173
28174
28175
28176
28178
28180
28185
28187
28189
28190
28192
28194
28199
28202
28206
28207
28211
28213
28216
28217
28220
28221
28222
28226
28227
28236
28237
28238
28241
28243
28244
28245
28247
28253
28259
28260
28261
28265
28268
28271
28272
28277
28280
28282
28291
28292
28294
28296
28298
28300
28305
28313
28315
28321
28323
28325
28327
28334
28336
28337
28339
28340
28341
28342
28345
28351
28352
28356
28358
28361
28363
28365
28374
28380
28381
28383
28393
28395
28399
28402
28403
28407
28409
28410
28414
28419
28421
28423
28424
28425
28426
28432
28440
28443
28447
28455
28456
28460
28462
28473
28474
28476
28477
28478
28479
28481
28482
28485
28486
28487
28488
28490
28492
28493
28494
28495
28496
28497
28498
28499
28500
28501
28502
28503
28505
28507
28510
28516
28521
28525
28528
28530
28531
28533
28539
28540
28541
28544
28545
28546
28550
28552
28553
28554
28556
28557
28560
28561
28563
28564
28565
28566
28571
28572
28576
28586
28599
28608
28610
28616
28620
28623
28625
28631
28632
28636
28644
28647
28649
28651
28653
28654
28655
28657
28661
28665
28670
28671
28675
28676
28677
28683
28684
28692
28698
28701
28702
28712
28716
28717
28721
28724
28729
28730
28733
28744
28745
28746
28749
28750
28752
28753
28754
28758
28761
28762
28765
28768
28771
28772
28774
28779
28783
28785
28790
28792
28793
28794
28799
28801
28805
28807
28808
28813
28815
28818
28819
28822
28824
28827
28829
28830
28831
28835
28836
28842
28844
28851
28853
28855
28858
28861
28862
28863
28865
28866
28868
28871
28878
28880
28881
28882
28883
28892
28893
28896
28897
28898
28901
28902
28903
28905
28906
28907
28909
28910
28913
28914
28916
28921
28922
28926
28927
28929
28930
28932
28933
28934
28940
28945
28946
28949
28954
28959
28962
28963
28964
28966
28968
28972
28973
28974
28991
28992
28993
28996
28998
29009
29010
29011
29012
29025
29027
29030
29031
29034
29035
29036
29037
29043
29044
29046
29048
29050
29052
29054
29055
29057
29058
29063
29069
29073
29077
29081
29086
29088
29089
29090
29092
29093
29096
29105
29110
29115
29117
29120
29121
29124
29130
29131
29135
29137
29138
29141
29142
29145
29148
29150
29152
29153
29155
29158
29161
29163
29164
29166
29172
29175
29176
29179
29180
29182
29183
29184
29186
29187
29190
29191
29196
29198
29199
29203
29209
29210
29214
29215
29216
29217
29218
29221
29225
29229
29231
29234
29241
29242
29247
29251
29252
29253
29254
29260
29262
29264
29274
29276
29286
29290
29299
29311
29312
29314
29316
29317
29320
29323
29324
29327
29328
29332
29333
29334
29336
29338
29339
29342
29343
29344
29348
29350
29353
29355
29358
29359
29360
29362
29366
29375
29376
29377
29378
29380
29381
29382
29384
29388
29400
29401
29403
29413
29420
29422
29426
29427
29429
29430
29432
29434
29435
29436
29438
29445
29447
29453
29458
29460
29461
29465
29466
29467
29470
29471
29473
29474
29476
29477
29478
29483
29485
29486
29488
29491
29492
29493
29495
29497
29498
29503
29504
29505
29506
29508
29513
29514
29515
29519
29524
29526
29527
29528
29529
29530
29531
29533
29540
29541
29543
29544
29545
29550
29553
29554
29555
29557
29558
29560
29561
29566
29568
29569
29570
29572
29573
29577
29580
29581
29583
29588
29589
29595
29596
29597
29598
29600
29601
29609
29611
29614
29616
29618
29621
29624
29625
29629
29630
29631
29633
29636
29640
29642
29643
29646
29649
29650
29651
29652
29656
29657
29658
29659
29660
29664
29666
29669
29670
29672
29673
29676
29685
29691
29694
29695
29697
29700
29703
29704
29705
29706
29707
29708
29711
29712
29721
29724
29726
29730
29731
29732
29742
29743
29749
29751
29753
29761
29762
29763
29769
29770
29771
29772
29779
29786
29789
29792
29793
29795
29799
29801
29805
29809
29810
29811
29812
29816
29823
29826
29827
29829
29830
29836
29838
29839
29844
29852
29854
29856
29858
29868
29871
29872
29876
29881
29884
29887
29888
29891
29893
29894
29896
29898
29900
29904
29906
29907
29911
29918
29919
29920
29921
29925
29927
29931
29932
29934
29937
29946
29947
29949
29951
29952
29954
29958
29961
29967
29968
29969
29971
29972
29981
29985
29986
29988
29989
29991
29994
29997
29998
30007
30015
30026
30038
30041
30042
30047
30049
30050
30054
30056
30057
30060
30063
30065
30070
30071
30075
30078
30079
30081
30082
30083
30084
30087
30095
30106
30109
30111
30112
30115
30117
30124
30126
30129
30131
30132
30135
30141
30142
30144
30145
30146
30149
30153
30155
30156
30157
30158
30160
30162
30169
30171
30175
30176
30177
30182
30184
30186
30187
30193
30195
30200
30202
30206
30207
30208
30210
30217
30219
30220
30222
30223
30226
30227
30232
30234
30237
30239
30240
30244
30247
30251
30252
30253
30256
30257
30259
30260
30261
30264
30266
30268
30275
30276
30277
30281
30282
30284
30286
30290
30295
30296
30297
30300
30303
30305
30308
30310
30313
30317
30320
30321
30325
30329
30330
30331
30334
30342
30348
30349
30353
30354
30355
30357
30359
30360
30365
30376
30388
30389
30390
30394
30395
30397
30399
30401
30403
30404
30405
30409
30412
30413
30414
30424
30425
30428
30429
30432
30433
30436
30437
30440
30445
30447
30449
30457
30460
30463
30464
30466
30467
30469
30470
30472
30477
30478
30480
30484
30486
30488
30491
30492
30493
30494
30495
30496
30501
30503
30504
30507
30510
30513
30522
30524
30528
30534
30540
30541
30542
30548
30549
30551
30553
30562
30566
30569
30570
30575
30579
30581
30589
30590
30591
30594
30597
30598
30601
30603
30607
30609
30611
30616
30617
30618
30622
30629
30631
30632
30633
30638
30644
30645
30646
30650
30656
30659
30661
30662
30664
30666
30669
30670
30671
30677
30678
30679
30681
30682
30685
30696
30703
30708
30714
30715
30722
30730
30731
30738
30740
30741
30751
30756
30757
30770
30774
30777
30785
30792
30795
30798
30816
30819
30824
30825
30826
30827
30829
30832
30839
30845
30848
30851
30854
30855
30860
30861
30863
30864
30865
30869
30870
30875
30876
30884
30887
30893
30907
30909
30918
30930
30934
30938
30940
30941
30942
30943
30944
30949
30951
30962
30964
30966
30967
30972
30974
30977
30981
30983
30988
30990
30992
30994
30995
30998
31009
31011
31016
31021
31029
31030
31031
31032
31036
31039
31043
31044
31045
31050
31052
31054
31056
31058
31061
31062
31063
31065
31066
31067
31069
31070
31075
31077
31078
31082
31083
31088
31104
31107
31111
31112
31117
31118
31120
31123
31126
31128
31129
31132
31135
31137
31140
31146
31150
31158
31160
31165
31171
31173
31182
31183
31185
31187
31189
31190
31191
31195
31196
31197
31198
31200
31201
31211
31212
31221
31222
31225
31232
31235
31237
31238
31241
31243
31246
31249
31251
31252
31260
31261
31264
31270
31284
31285
31286
31290
31291
31292
31294
31298
31300
31302
31304
31309
31317
31319
31320
31322
31336
31339
31341
31355
31360
31364
31367
31376
31377
31379
31385
31392
31393
31397
31398
31402
31405
31413
31418
31425
31430
31431
31439
31441
31445
31453
31454
31455
31461
31463
31464
31469
31470
31475
31479
31483
31488
31491
31493
31497
31498
31499
31502
31503
31504
31508
31509
31512
31514
31520
31525
31526
31528
31532
31533
31536
31539
31541
31558
31561
31565
31568
31569
31581
31589
31591
31601
31608
31609
31610
31611
31615
31616
31618
31620
31626
31627
31634
31636
31638
31640
31645
31647
31651
31658
31662
31673
31676
31681
31683
31684
31687
31688
31689
31692
31695
31696
31697
31708
31711
31712
31716
31721
31723
31727
31729
31749
31750
31755
31757
31760
31770
31773
31774
31778
31779
31781
31782
31783
31792
31797
31798
31799
31802
31812
31813
31815
31820
31821
31822
31825
31827
31842
31852
31853
31854
31855
31857
31858
31861
31866
31867
31868
31877
31879
31880
31887
31894
31897
31901
31903
31904
31906
31910
31911
31912
31913
31917
31918
31926
31928
31929
31931
31932
31936
31942
31951
31953
31955
31957
31965
31966
31969
31971
31973
31977
31981
31982
31983
31985
31987
31989
31994
32008
32009
32012
32018
32023
32027
32036
32039
32046
32050
32056
32059
32060
32061
32064
32065
32067
32068
32070
32072
32073
32075
32077
32079
32082
32083
32084
32085
32092
32093
32096
32097
32098
32099
32103
32104
32109
32111
32112
32114
32117
32118
32122
32123
32124
32126
32127
32129
32136
32140
32141
32143
32161
32163
32164
32166
32169
32170
32171
32177
32179
32181
32182
32184
32191
32195
32196
32199
32200
32203
32205
32208
32209
32216
32219
32221
32228
32229
32231
32232
32234
32237
32246
32253
32262
32263
32276
32277
32278
32279
32281
32285
32286
32287
32288
32297
32299
32308
32317
32318
32321
32326
32328
32330
32331
32341
32348
32350
32351
32355
32361
32362
32372
32373
32377
32378
32379
32380
32382
32383
32393
32394
32396
32403
32410
32414
32417
32421
32425
32427
32434
32437
32438
32439
32440
32441
32443
32446
32447
32448
32452
32455
32459
32465
32467
32476
32480
32483
32488
32495
32496
32497
32500
32502
32503
32504
32505
32506
32512
32513
32515
32516
32519
32522
32525
32526
32527
32529
32531
32532
32542
32545
32548
32549
32551
32552
32566
32571
32572
32574
32576
32582
32592
32594
32599
32611
32612
32616
32618
32622
32623
32628
32631
32637
32643
32645
32646
32648
32652
32658
32661
32663
32665
32667
32670
32672
32675
32678
32679
32683
32686
32691
32692
32695
32703
32704
32705
32707
32708
32709
32714
32715
32719
32725
32730
32732
32737
32739
32740
32743
32745
32746
32750
32757
32758
32763
32768
32775
32777
32779
32781
32786
32787
32788
32789
32790
32791
32798
32800
32805
32807
32810
40000
40013
40056
40057
40066
40083
40085
40094
40116
40132
40161
40177
40187
40216
40227
40236
40246
40305
40310
40325
40384
40385
40386
40428
40435
40442
40457
40472
40477
40489
40503
40519
40548
40566
40573
40577
40599
40624
40631
40672
40673
40684
40689
40691
40695
40703
40708
40724
40738
40767
40772
40775
40789
40798
40811
40822
40826
40827
40833
40850
40851
40854
40881
40883
40897
40911
40913
40957
40976
40978
40983
40998
40999
41004
41022
41027
41031
41034
41040
41042
41070
41078
41107
41113
41115
41119
41144
41163
41182
41203
41209
41216
41217
41219
41221
41224
41244
41245
41246
41248
41254
41255
41260
41264
41266
41287
41307
41322
41345
41350
41384
41403
41409
41414
41438
41448
41452
41463
41468
41487
41493
41515
41517
41546
41550
41565
41588
41589
41602
41603
41607
41612
41619
41624
41625
41631
41634
41639
41640
41661
41682
41689
41693
41696
41702
41704
41714
41731
41738
41744
41758
41782
41783
41792
41795
41803
41822
41854
41897
41929
41943
41958
41966
41976
41996
42038
42049
42054
42055
42073
42078
42098
42106
42110
42132
42135
42141
42143
42160
42173
42180
42182
42196
42211
42221
42222
42251
42281
42285
42310
42327
42336
42351
42353
42364
42390
42396
42400
42404
42410
42411
42437
42438
42450
42468
42473
42479
42482
42486
42501
42525
42532
42591
42621
42649
42663
42682
42685
42686
42694
42702
42709
42715
42721
42725
42747
42748
42752
42755
42757
42763
42769
42781
42815
42820
42826
42842
42857
42860
42872
42878
42892
42904
42905
42924
42930
42937
42950
42965
42995
43017
43027
43060
43065
43074
43086
43099
43112
43115
43126
43128
43137
43143
43147
43149
43151
43158
43164
43220
43296
43305
43314
43323
43325
43337
43367
43392
43417
43430
43447
43453
43459
43478
43484
43501
43503
43538
43543
43551
43561
43564
43565
43566
43584
43589
43599
43601
43613
43621
43640
43644
43656
43658
43671
43673
43676
43686
43690
43697
43700
43705
43729
43735
43742
43776
43786
43797
43803
43812
43837
43859
43862
43866
43874
43875
43876
43893
43906
43911
43926
43927
43937
43943
43948
43961
43975
43982
43990
43991
43995
44002
44016
44019
44036
44044
44052
44058
44059
44061
44069
44073
44082
44084
44123
44139
44141
44154
44164
44181
44206
44207
44212
44220
44228
44232
44255
44269
44270
44276
44298
44303
44318
44319
44328
44346
44369
44373
44385
44402
44412
44413
44416
44445
44451
44452
44454
44459
44486
44494
44527
44530
44534
44539
44545
44589
44592
44596
44602
44624
44644
44653
44706
44717
44722
44723
44732
44736
44741
44781
44787
44788
44793
44797
44799
44806
44807
44812
44827
44829
44833
44844
44878
44890
44910
44917
44921
44922
44941
44955
44958
44969
44976
44979
44993
45011
45013
45017
45054
45079
45083
45088
45092
45099
45111
45112
45127
45129
45145
45157
45160
45162
45181
45183
45186
45199
45213
45248
45249
45271
45272
45291
45308
45309
45310
45313
45315
45319
45320
45339
45342
45347
45355
45359
45367
45374
45381
45393
45419
45426
45434
45435
45457
45460
45489
45505
45509
45531
45536
45557
45576
45580
45601
45632
45647
45655
45659
45677
45689
45703
45709
45745
45761
45765
45767
45779
45781
45788
45803
45806
45812
45820
45835
45838
45842
45847
45848
45871
45884
45885
45914
45922
45949
45956
45961
45974
45985
45995
45996
46007
46034
46039
46041
46057
46066
46085
46092
46114
46120
46154
46183
46198
46201
46205
46214
46217
46228
46230
46251
46252
46254
46262
46278
46287
46305
46320
46324
46330
46338
46373
46377
46389
46397
46403
46411
46414
46415
46424
46429
46441
46455
46466
46471
46474
46487
46497
46498
46504
46523
46527
46532
46538
46545
46548
46560
46564
46569
46582
46586
46588
46589
46590
46608
46611
46615
46634
46642
46651
46656
46671
46672
46692
46694
46715
46728
46744
46752
46764
46768
46776
46784
46797
46801
46816
46820
46836
46850
46853
46854
46884
46904
46911
46915
46927
46934
46935
46943
46950
46996
47003
47014
47019
47022
47046
47053
47093
47100
47101
47104
47118
47129
47132
47146
47157
47158
47164
47183
47247
47263
47270
47271
47286
47289
47311
47335
47357
47365
47380
47406
47409
47425
47430
47436
47444
47445
47473
47483
47493
47512
47520
47543
47546
47547
47561
47568
47591
47598
47614
47615
47618
47620
47643
47647
47654
47667
47670
47683
47687
47712
47718
47733
47746
47749
47758
47759
47775
47785
47786
47789
47798
47814
47818
47821
47853
47858
47874
47875
47886
47897
47909
47912
47927
47940
47941
47950
47955
47974
47983
47993
47995
48005
48010
48011
48023
48025
48028
48032
48038
48042
48087
48115
48118
48123
48149
48154
48184
48204
48212
48222
48238
48254
48267
48292
48293
48297
48344
48348
48351
48358
48373
48374
48388
48390
48391
48414
48417
48422
48425
48441
48444
48456
48461
48479
48480
48483
48520
48527
48533
48539
48555
48556
48580
48607
48629
48656
48657
48660
48683
48687
48690
48693
48699
48706
48707
48709
48716
48732
48752
48794
48804
48806
48821
48826
48863
48872
48875
48882
48910
48929
48939
48944
48958
48962
48974
49016
49018
49022
49028
49029
49036
49037
49079
49081
49083
49112
49138
49164
49171
49197
49207
49209
49225
49232
49261
49290
49304
49311
49315
49407
49431
49443
49457
49463
49471
49485
49496
49520
49525
49544
49555
49557
49558
49561
49562
49566
49592
49597
49613
49615
49619
49623
49632
49634
49635
49641
49649
49658
49723
49750
49775
49801
49840
49846
49873
49879
49881
49914
49922
49925
49930
49951
49970
49971
49984
50004
50015
50043
50045
50050
50061
50065
50067
50074
50080
50087
50093
50094
50100
50104
50140
50142
50161
50164
50174
50182
50204
50208
50217
50221
50231
50237
50254
50271
50303
50305
50312
50315
50321
50323
50334
50349
50351
50353
50358
50362
50379
50391
50404
50405
50409
50417
50432
50440
50445
50447
50450
50479
50487
50488
50501
50507
50528
50532
50549
50556
50567
50594
50621
50623
50630
50636
50649
50692
50696
50718
50743
50751
50757
50760
50822
50824
50828
50847
50859
50877
50879
50893
50895
50899
50901
50906
50924
50939
50941
50962
50976
50991
50996
50998
51004
51006
51013
51025
51038
51039
51045
51054
51078
51079
51082
51102
51143
51145
51147
51155
51174
51180
51203
51222
51238
51258
51259
51277
51297
51300
51320
51321
51322
51337
51343
51347
51349
51356
51358
51361
51364
51385
51403
51413
51418
51424
51428
51459
51466
51482
51489
51490
51495
51506
51519
51529
51548
51550
51551
51555
51577
51596
51597
51613
51625
51642
51654
51657
51658
51663
51675
51676
51684
51698
51708
51716
51724
51735
51786
51798
51822
51829
51832
51844
51859
51871
51872
51905
51918
51929
51935
51951
51957
51964
51976
51977
51986
52001
52002
52010
52021
52026
52034
52039
52040
52065
52069
52076
52125
52131
52162
52164
52180
52186
52187
52188
52228
52231
52261
52263
52269
52278
52297
52315
52363
52370
52411
52420
52453
52467
52482
52504
52506
52529
52532
52533
52535
52537
52541
52547
52574
52588
52590
52592
52593
52602
52620
52631
52641
52653
52657
52659
52666
52693
52695
52696
52703
52710
52730
52732
52736
52739
52743
52764
52778
52779
52791
52796
52800
52802
52807
52814
52816
52826
52828
52855
52861
52872
52875
52898
52900
52901
52919
52932
52934
52939
52945
52953
52967
52986
52990
52996
53006
53013
53014
53020
53036
53048
53084
53098
53118
53119
53132
53136
53149
53151
53156
53192
53193
53194
53205
53215
53216
53220
53232
53247
53252
53269
53273
53279
53283
53297
53299
53308
53334
53338
53342
53347
53351
53372
53399
53417
53419
53425
53432
53435
53439
53441
53459
53466
53479
53490
53492
53536
53550
53556
53577
53591
53594
53612
53615
53619
53626
53642
53664
53683
53695
53707
53714
53715
53734
53738
53739
53751
53754
53759
53766
53782
53804
53812
53821
53832
53835
53850
53858
53863
53865
53866
53873
53876
53883
53884
53919
53939
53947
53964
53968
53973
53992
54005
54009
54015
54020
54047
54054
54056
54082
54121
54125
54145
54153
54154
54159
54162
54166
54183
54187
54188
54191
54193
54195
54197
54209
54217
54228
54238
54241
54247
54260
54262
54264
54276
54281
54289
54301
54305
54348
54353
54381
54385
54390
54393
54406
54420
54429
54461
54462
54479
54487
54509
54511
54526
54536
54540
54559
54584
54586
54587
54604
54610
54616
54625
54636
54638
54642
54648
54655
54679
54681
54691
54695
54703
54708
54709
54735
54736
54750
54755
54757
54764
54768
54777
54782
54788
54812
54814
54817
54825
54826
54850
54877
54891
54894
54904
54910
54911
54922
54923
54929
54936
54966
54968
54987
54993
54994
54999
55001
55005
55008
55013
55023
55044
55055
55059
55071
55078
55094
55104
55105
55113
55118
55122
55136
55147
55150
55188
55204
55205
55209
55260
55265
55272
55273
55276
55281
55332
55337
55356
55369
55370
55386
55393
55398
55400
55407
55428
55440
55473
55479
55503
55507
55515
55519
55557
55579
55584
55585
55588
55591
55601
55616
55624
55639
55643
55659
55669
55672
55677
55679
55700
55704
55713
55715
55719
55722
55725
55728
55746
55751
55774
55781
55783
55807
55817
55821
55867
55871
55873
55887
55895
55920
55921
55923
55925
55935
55944
55962
55966
55973
55987
56040
56045
56060
56070
56089
56091
56110
56112
56120
56130
56134
56152
56155
56157
56184
56187
56191
56204
56209
56212
56225
56229
56240
56243
56264
56267
56287
56294
56301
56307
56317
56327
56361
56364
56375
56390
56405
56409
56429
56443
56446
56458
56459
56530
56552
56565
56570
56582
56583
56589
56634
56646
56648
56651
56697
56703
56740
56751
56757
56784
56788
56790
56796
56802
56805
56854
56855
56864
56892
56898
56910
56924
56930
56947
56963
56982
56985
57023
57032
57045
57050
57052
57061
57063
57074
57090
57092
57102
57105
57109
57114
57126
57130
57133
57138
57139
57153
57157
57171
57183
57187
57190
57199
57202
57220
57229
57255
57260
57264
57275
57299
57306
57308
57321
57330
57333
57337
57342
57369
57390
57412
57425
57427
57437
57449
57468
57476
57490
57491
57496
57529
57535
57545
57550
57562
57568
57569
57572
57573
57581
57588
57592
57593
57594
57601
57637
57645
57669
57708
57718
57734
57739
57753
57755
57760
57763
57764
57770
57774
57775
57779
57806
57810
57815
57817
57832
57858
57865
57875
57886
57887
57907
57908
57923
57935
57953
57968
57972
57982
57989
57992
58004
58005
58008
58010
58012
58019
58022
58029
58049
58058
58098
58108
58115
58116
58128
58130
58131
58134
58135
58153
58154
58169
58184
58214
58229
58240
58249
58261
58284
58286
58303
58312
58319
58327
58337
58351
58352
58377
58389
58392
58431
58433
58441
58460
58464
58475
58483
58484
58500
58501
58505
58515
58519
58524
58526
58530
58551
58562
58576
58580
58586
58597
58609
58631
58633
58634
58646
58649
58654
58662
58667
58685
58702
58723
58747
58752
58753
58758
58763
58773
58774
58781
58792
58793
58799
58802
58812
58821
58825
58834
58848
58851
58862
58865
58871
58899
58917
58930
58945
58947
58948
58957
58968
58976
58984
59002
59016
59039
59043
59065
59067
59073
59085
59090
59094
59101
59102
59113
59124
59147
59169
59188
59199
59201
59210
59222
59231
59252
59260
59267
59268
59281
59285
59291
59301
59314
59333
59344
59352
59367
59375
59380
59381
59382
59385
59388
59392
59411
59442
59447
59458
59464
59490
59494
59495
59498
59499
59516
59537
59546
59549
59563
59618
59638
59657
59674
59702
59703
59712
59716
59725
59726
59736
59765
59777
59797
59801
59828
59833
59841
59854
59855
59864
59874
59877
59889
59903
59907
59911
59922
59930
59936
59937
59941
59946
59950
59964
59977
59980
59999
60020
60038
60039
60050
60054
60057
60077
60104
60115
60118
60122
60126
60139
60168
60169
60175
60179
60180
60181
60194
60198
60214
60228
60235
60244
60262
60274
60353
60354
60393
60403
60431
60432
60441
60477
60508
60518
60552
60570
60575
60579
60582
60600
60614
60624
60637
60659
60666
60679
60711
60715
60719
60720
60733
60739
60762
60767
60778
60783
60790
60792
60798
60805
60825
60842
60852
60878
60893
60897
60919
60947
60955
60966
60969
60970
60988
60991
60994
61003
61005
61024
61030
61034
61041
61053
61054
61068
61073
61076
61078
61081
61106
61111
61119
61123
61143
61149
61150
61155
61163
61179
61183
61195
61196
61213
61223
61235
61259
61265
61272
61276
61282
61296
61390
61393
61415
61417
61463
61465
61500
61502
61517
61522
61527
61551
61566
61574
61585
61588
61590
61619
61640
61642
61652
61659
61661
61667
61673
61685
61729
61738
61739
61740
61742
61791
61802
61816
61846
61856
61871
61920
61939
61940
61943
61948
61971
61980
62009
62033
62034
62047
62061
62102
62120
62135
62143
62183
62186
62202
62210
62212
62239
62261
62280
62296
62298
62310
62316
62323
62344
62345
62361
62374
62380
62383
62389
62395
62402
62413
62456
62457
62476
62487
62497
62498
62506
62512
62527
62534
62539
62543
62547
62561
62564
62585
62586
62594
62603
62608
62646
62652
62664
62672
62681
62684
62691
62693
62715
62717
62731
62741
62762
62765
62774
62782
62795
62803
62813
62824
62828
62833
62835
62845
62860
62871
62887
62914
62918
62919
62920
62921
62926
62941
62945
62950
62980
63000
63009
63012
63027
63030
63031
63039
63041
63048
63049
63053
63058
63059
63066
63099
63103
63130
63133
63170
63177
63185
63187
63192
63201
63213
63237
63245
63253
63264
63292
63298
63309
63339
63351
63354
63359
63363
63368
63390
63403
63415
63419
63442
63444
63459
63461
63467
63481
63496
63519
63531
63537
63559
63567
63571
63572
63582
63639
63669
63676
63685
63697
63710
63713
63720
63729
63734
63741
63746
63755
63762
63769
63771
63777
63778
63781
63788
63834
63867
63886
63896
63921
63935
63936
63943
63944
63947
63948
63955
63961
63987
63992
63993
64021
64026
64036
64043
64082
64087
64093
64123
64124
64136
64137
64153
64172
64188
64192
64197
64230
64277
64298
64311
64314
64327
64332
64334
64336
64352
64371
64374
64384
64406
64411
64416
64435
64450
64495
64502
64514
64520
64560
64570
64572
64573
64580
64590
64597
64599
64619
64621
64671
64709
64714
64717
64719
64721
64739
64740
64752
64753
64757
64765
64766
64773
64780
64798
64808
64819
64825
64830
64833
64881
64884
64891
64904
64906
64911
64916
64919
64921
64944
64965
64969
64974
64988
64994
64999
65002
65003
65006
65021
65025
65050
65056
65062
65072
65086
65090
65091
65112
65123
65126
65130
65150
65161
65176
65178
65187
65217
65219
65227
65232
65255
65261
65268
65270
65312
65313
65341
65342
65343
65345
65353
65358
65360
65361
65368
65370
65375
65390
65393
65401
65405
65411
65416
65431
65444
65463
65484
65504
65513
65535
65544
65555
65558
65560
65565
65582
65588
65599
65604
65611
65613
65623
65627
65630
65646
65650
65659
65675
65682
65692
65696
65698
65703
65719
65737
65741
65750
65773
65793
65825
65827
65837
65838
65848
65871
65876
65883
65887
65895
65904
65906
65915
65919
65946
65949
65950
65951
65954
65959
65973
65988
65991
66002
66009
66014
66036
66037
66054
66058
66063
66067
66068
66079
66083
66084
66093
66105
66138
66144
66158
66165
66172
66193
66200
66214
66221
66228
66244
66246
66262
66264
66275
66296
66298
66307
66322
66337
66346
66373
66384
66386
66389
66399
66405
66411
66461
66474
66481
66496
66505
66507
66517
66557
66560
66574
66598
66604
66641
66643
66654
66674
66688
66714
66717
66720
66730
66745
66765
66766
66770
66774
66775
66785
66786
66818
66824
66825
66827
66842
66871
66876
66894
66957
66974
66988
67050
67058
67060
67069
67089
67104
67112
67140
67144
67149
67158
67164
67175
67206
67209
67239
67245
67256
67271
67281
67316
67341
67343
67344
67347
67348
67358
67375
67380
67395
67397
67404
67415
67418
67421
67423
67426
67427
67471
67473
67477
67480
67527
67533
67543
67568
67578
67579
67598
67603
67617
67648
67653
67659
67683
67689
67710
67715
67716
67724
67725
67735
67741
67758
67761
67763
67771
67772
67774
67800
67823
67856
67887
67902
67906
67917
67924
67938
67945
67965
67976
67987
67996
68006
68010
68028
68065
68074
68075
68099
68115
68126
68127
68128
68132
68135
68140
68186
68201
68204
68208
68215
68242
68245
68278
68296
68301
68308
68319
68322
68350
68356
68375
68377
68385
68391
68416
68422
68426
68428
68433
68437
68439
68453
68475
68477
68513
68530
68564
68573
68602
68605
68623
68631
68645
68651
68654
68663
68665
68674
68685
68696
68699
68713
68732
68752
68764
68784
68785
68806
68827
68832
68861
68867
68884
68886
68887
68894
68900
68902
68907
68909
68915
68923
68937
68941
68944
68946
68947
68949
68956
68964
68989
69000
69011
69015
69020
69021
69098
69108
69110
69123
69141
69145
69146
69157
69162
69167
69168
69169
69172
69177
69186
69201
69219
69225
69234
69237
69243
69248
69270
69272
69281
69289
69295
69328
69333
69338
69339
69341
69351
69354
69367
69370
69371
69380
69398
69406
69407
69411
69416
69435
69436
69438
69442
69472
69483
69484
69498
69513
69518
69522
69528
69548
69574
69578
69583
69585
69620
69626
69630
69660
69676
69679
69682
69696
69703
69709
69719
69745
69746
69764
69776
69789
69805
69825
69857
69895
69896
69898
69903
69906
69908
69917
69928
69956
69995
70040
70078
70097
70100
70119
70125
70133
70156
70164
70169
70171
70180
70182
70188
70198
70206
70217
70220
70222
70223
70232
70254
70259
70271
70304
70308
70329
70334
70355
70373
70389
70393
70415
70441
70447
70485
70494
70496
70505
70511
70514
70516
70517
70521
70542
70547
70550
70563
70569
70570
70587
70605
70608
70620
70622
70651
70664
70667
70694
70698
70699
70705
70709
70723
70728
70745
70764
70772
70775
70776
70784
70822
70845
70851
70854
70872
70890
70898
70899
70911
70924
70926
70933
70937
70950
70985
70989
70990
71005
71006
71013
71015
71017
71070
71079
71084
71091
71108
71119
71131
71146
71177
71191
71192
71194
71206
71220
71225
71230
71243
71274
71277
71280
71293
71297
71298
71307
71327
71341
71353
71364
71365
71369
71377
71397
71405
71412
71413
71420
71434
71435
71458
71461
71473
71479
71495
71501
71513
71514
71533
71576
71580
71582
71599
71612
71627
71652
71676
71677
71698
71709
71716
71717
71722
71739
71760
71774
71797
71798
71848
71862
71871
71872
71921
71924
71946
71951
71952
71955
71961
71974
71983
71997
72000
72043
72054
72067
72073
72103
72107
72126
72147
72151
72154
72163
72172
72196
72197
72198
72202
72211
72224
72225
72231
72248
72270
72273
72280
72282
72284
72289
72309
72317
72327
72328
72329
72355
72357
72363
72377
72378
72387
72421
72426
72439
72455
72467
72482
72488
72490
72511
72528
72530
72536
72538
72540
72554
72555
72582
72592
72604
72608
72623
72627
72633
72634
72639
72644
72667
72670
72673
72678
72688
72707
72723
72725
72739
72753
72781
72783
72785
72790
72809
72813
72836
72851
72886
72907
72931
72940
72969
72988
72993
73001
73008
73011
73015
73036
73068
73074
73075
73077
73107
73113
73124
73129
73138
73150
73156
73169
73198
73211
73234
73242
73243
73249
73280
73286
73299
73310
73312
73320
73322
73339
73340
73358
73362
73370
73375
73385
73388
73389
73395
73417
73423
73440
73443
73444
73454
73457
73473
73478
73509
73526
73530
73537
73539
73546
73565
73592
73595
73606
73608
73611
73612
73614
73645
73693
73695
73713
73722
73740
73742
73755
73760
73770
73776
73790
73808
73811
73816
73822
73868
73894
73917
73946
73971
73993
74016
74034
74038
74041
74046
74081
74116
74129
74147
74160
74174
74195
74201
74217
74220
74232
74252
74253
74316
74353
74364
74372
74376
74392
74402
74404
74408
74438
74441
74445
74448
74456
74463
74486
74493
74496
74514
74525
74528
74540
74546
74562
74566
74575
74584
74585
74586
74608
74613
74626
74627
74654
74677
74679
74680
74683
74687
74693
74696
74701
74711
74716
74727
74764
74771
74779
74789
74795
74798
74805
74817
74821
74835
74857
74869
74880
74889
74894
74899
74907
74913
74918
74924
74926
74932
74937
74947
74958
74976
74998
75023
75027
75031
75034
75039
75054
75064
75071
75073
75099
75100
75116
75134
75138
75142
75155
75160
75188
75201
75217
75233
75244
75249
75251
75271
75300
75315
75347
75350
75371
75393
75403
75422
75424
75435
75454
75471
75488
75503
75510
75536
75542
75544
75557
75568
75581
75584
75586
75607
75615
75626
75627
75631
75644
75664
75666
75668
75715
75737
75741
75759
75771
75772
75779
75808
75828
75830
75838
75851
75856
75880
75883
75889
75891
75938
75946
75969
75972
75986
75990
76001
76005
76011
76012
76026
76030
76035
76051
76058
76078
76125
76126
76134
76154
76182
76186
76196
76222
76237
76240
76261
76265
76267
76282
76315
76327
76329
76333
76359
76372
76395
76410
76418
76420
76425
76430
76457
76459
76473
76476
76479
76501
76514
76520
76529
76541
76544
76547
76558
76575
76578
76602
76603
76630
76633
76641
76665
76667
76674
76693
76695
76696
76698
76709
76717
76726
76751
76780
76797
76799
76800
76802
76853
76857
76865
76880
76917
76920
76927
76930
76974
76975
76984
76987
76988
77013
77014
77019
77024
77026
77028
77031
77041
77053
77062
77067
77070
77083
77131
77135
77188
77220
77221
77236
77259
77282
77325
77352
77370
77383
77416
77429
77436
77439
77443
77469
77471
77472
77482
77484
77491
77503
77524
77526
77597
77609
77614
77630
77660
77661
77676
77678
77689
77691
77694
77703
77707
77732
77733
77749
77771
77787
77801
77816
77836
77842
77850
77852
77873
77875
77893
77901
77903
77926
77927
77948
77951
77960
77973
77980
78010
78023
78038
78040
78050
78076
78086
78108
78143
78155
78168
78182
78213
78221
78233
78251
78263
78296
78298
78322
78342
78365
78366
78373
78388
78419
78447
78463
78467
78473
78474
78481
78494
78504
78518
78530
78532
78533
78536
78559
78560
78565
78597
78605
78641
78656
78658
78666
78670
78672
78674
78693
78697
78700
78704
78705
78708
78722
78756
78759
78782
78797
78804
78814
78822
78828
78864
78867
78873
78876
78892
78895
78902
78914
78956
78968
79008
79015
79031
79049
79050
79053
79055
79075
79089
79103
79166
79177
79183
79224
79236
79252
79264
79275
79283
79300
79306
79308
79310
79337
79358
79364
79392
79418
79420
79453
79480
79523
79539
79562
79564
79565
79575
79584
79585
79596
79602
79603
79608
79645
79648
79649
79651
79655
79664
79667
79673
79677
79699
79709
79735
79762
79826
79836
79838
79846
79851
79862
79873
79877
79878
79894
79915
79921
79922
79923
79939
79991
80018
80030
80033
80048
80053
80072
80097
80106
80112
80121
80132
80154
80162
80163
80171
80174
80190
80202
80222
80237
80259
80260
80305
80308
80319
80326
80332
80339
80342
80350
80400
80423
80442
80449
80450
80475
80482
80494
80497
80511
80534
80536
80547
80551
80561
80580
80602
80625
80637
80644
80653
80658
80670
80671
80675
80696
80722
80744
80752
80757
80778
80789
80793
80803
80805
80810
80813
80844
80847
80849
80858
80861
80882
80883
80891
80895
80903
80905
80927
80932
80956
80957
80970
80977
80991
80999
81007
81012
81025
81032
81045
81049
81050
81063
81074
81087
81103
81130
81146
81166
81187
81193
81202
81208
81215
81242
81247
81274
81276
81285
81295
81303
81328
81330
81355
81376
81378
81391
81407
81425
81431
81438
81439
81441
81443
81444
81449
81456
81464
81475
81491
81543
81546
81556
81561
81567
81577
81579
81581
81593
81601
81608
81612
81630
81636
81651
81660
81662
81703
81719
81723
81729
81763
81778
81786
81791
81793
81808
81810
81815
81825
81845
81846
81848
81849
81850
81864
81865
81881
81883
81885
81886
81891
81904
81923
81938
81975
82010
82015
82023
82038
82042
82055
82057
82065
82073
82100
82104
82119
82122
82132
82138
82160
82195
82205
82207
82208
82211
82222
82238
82257
82290
82313
82322
82326
82339
82360
82362
82377
82405
82416
82432
82433
82439
82442
82451
82465
82466
82478
82490
82505
82512
82554
82559
82562
82564
82569
82585
82602
82609
82618
82619
82625
82641
82649
82656
82685
82697
82722
82736
82762
82769
82770
82816
82820
82826
82828
82831
82845
82864
82868
82881
82894
82898
82910
82915
82919
82938
82943
82947
82970
82973
82986
83004
83013
83065
83091
83128
83129
83154
83167
83171
83182
83203
83210
83222
83252
83255
83260
83269
83272
83310
83349
83351
83362
83372
83383
83389
83406
83433
83438
83467
83469
83496
83499
83500
83509
83520
83528
83545
83547
83561
83564
83565
83566
83570
83598
83607
83608
83617
83621
83633
83653
83662
83663
83671
83678
83682
83684
83691
83699
83702
83717
83723
83728
83749
83751
83766
83782
83793
83808
83815
83824
83854
83865
83873
83875
83879
83899
83908
83914
83915
83932
83937
83962
83968
83976
83979
83981
83982
83991
84011
84020
84021
84022
84023
84033
84050
84057
84061
84063
84071
84084
84107
84116
84130
84142
84168
84206
84223
84249
84286
84292
84297
84301
84310
84320
84346
84378
84388
84416
84423
84427
84433
84437
84445
84457
84461
84468
84478
84485
84531
84534
84556
84585
84598
84600
84606
84624
84669
84721
84731
84737
84747
84749
84764
84816
84838
84842
84845
84849
84874
84881
84885
84891
84909
84914
84934
84964
84969
84984
85002
85019
85023
85036
85039
85050
85055
85062
85071
85079
85124
85141
85143
85147
85152
85163
85169
85184
85196
85205
85230
85248
85257
85272
85303
85310
85352
85363
85370
85373
85375
85393
85402
85404
85407
85441
85444
85457
85464
85489
85495
85501
85504
85506
85527
85534
85535
85539
85541
85586
85594
85598
85617
85630
85639
85655
85669
85685
85714
85720
85723
85747
85748
85757
85780
85781
85794
85797
85839
85840
85844
85851
85853
85870
85881
85883
85889
85892
85895
85899
85923
85968
85971
85974
85976
85986
86018
86042
86078
86087
86089
86102
86144
86145
86155
86158
86176
86193
86228
86233
86238
86245
86249
86251
86259
86275
86276
86279
86291
86313
86314
86315
86318
86323
86325
86340
86355
86379
86382
86411
86415
86421
86429
86435
86502
86505
86530
86531
86539
86544
86546
86550
86589
86590
86603
86628
86648
86651
86660
86678
86683
86692
86702
86709
86717
86737
86773
86791
86807
86810
86831
86832
86842
86845
86846
86865
86866
86888
86913
86918
86927
86932
86942
86948
86965
86968
86969
86984
86993
87007
87008
87019
87035
87043
87048
87049
87053
87064
87082
87085
87120
87125
87133
87135
87144
87157
87161
87184
87186
87196
87197
87206
87207
87216
87225
87253
87254
87262
87272
87275
87287
87331
87336
87344
87361
87410
87416
87421
87424
87425
87459
87468
87470
87481
87497
87515
87518
87526
87533
87537
87547
87565
87566
87577
87595
87607
87616
87621
87623
87646
87674
87675
87692
87716
87750
87754
87758
87771
87782
87801
87803
87809
87817
87821
87828
87835
87847
87858
87867
87869
87880
87887
87889
87926
87931
87948
87959
87963
87977
87978
87980
87982
87986
87994
88006
88013
88016
88025
88046
88065
88079
88081
88091
88095
88098
88099
88111
88116
88146
88157
88196
88211
88217
88254
88277
88296
88306
88315
88340
88356
88386
88406
88409
88420
88424
88434
88446
88458
88466
88503
88510
88521
88527
88529
88539
88549
88573
88584
88587
88588
88594
88610
88613
88626
88632
88634
88635
88636
88647
88649
88657
88662
88665
88678
88685
88691
88696
88728
88731
88766
88782
88790
88795
88804
88809
88825
88832
88852
88857
88883
88904
88907
88909
88912
88928
88937
88953
88961
88968
88971
88976
88978
88982
89008
89026
89045
89062
89084
89089
89091
89104
89109
89148
89167
89168
89223
89225
89291
89294
89297
89303
89310
89327
89328
89332
89356
89368
89379
89394
89398
89402
89419
89437
89446
89449
89451
89459
89483
89528
89536
89544
89546
89563
89565
89597
89616
89634
89643
89645
89672
89688
89697
89698
89700
89714
89725
89735
89742
89754
89758
89772
89778
89794
89797
89801
89806
89816
89817
89831
89839
89894
89906
89909
89917
89931
89950
89953
89956
89964
89992
90008
90028
90033
90057
90066
90075
90078
90106
90115
90121
90142
90143
90150
90151
90153
90158
90165
90195
90213
90233
90237
90259
90289
90303
90304
90310
90317
90325
90327
90339
90341
90354
90362
90363
90373
90376
90389
90391
90392
90396
90403
90406
90410
90418
90425
90430
90441
90472
90479
90481
90484
90522
90533
90538
90539
90585
90605
90609
90642
90648
90658
90680
90686
90688
90690
90704
90707
90708
90722
90740
90755
90756
90786
90802
90807
90834
90843
90846
90848
90865
90868
90873
90878
90889
90898
90899
90901
90910
90911
90917
90942
90959
90969
90990
90992
91000
91004
91008
91031
91043
91046
91047
91076
91086
91096
91103
91121
91142
91152
91154
91167
91169
91176
91181
91223
91242
91245
91258
91261
91263
91294
91295
91296
91298
91305
91309
91313
91327
91331
91333
91342
91343
91350
91361
91368
91376
91426
91428
91448
91451
91458
91460
91463
91465
91470
91475
91493
91525
91529
91532
91539
91549
91558
91568
91572
91603
91614
91625
91635
91669
91672
91685
91694
91705
91730
91743
91744
91758
91769
91773
91783
91798
91802
91814
91827
91831
91855
91871
91881
91905
91919
91925
91926
91934
91965
91978
91989
92003
92014
92094
92095
92129
92158
92170
92200
92203
92243
92244
92277
92278
92281
92287
92292
92312
92316
92340
92347
92373
92381
92382
92387
92397
92405
92440
92446
92455
92464
92487
92551
92554
92571
92585
92590
92644
92649
92652
92668
92684
92757
92772
92777
92779
92796
92799
92801
92816
92824
92834
92841
92843
92846
92861
92873
92886
92907
92916
92941
92967
92984
93018
93021
93025
93031
93033
93039
93055
93058
93062
93071
93077
93078
93093
93104
93119
93147
93159
93191
93194
93196
93203
93208
93209
93227
93262
93277
93284
93299
93307
93325
93336
93348
93360
93374
93381
93387
93390
93404
93453
93454
93472
93479
93494
93507
93515
93521
93554
93557
93566
93610
93636
93647
93648
93651
93659
93662
93667
93701
93704
93705
93710
93722
93777
93780
93788
93800
93825
93829
93834
93874
93887
93900
93905
93932
93938
93970
93983
93987
94009
94021
94023
94024
94046
94049
94056
94057
94063
94064
94104
94120
94126
94129
94164
94166
94172
94184
94192
94197
94202
94213
94223
94229
94240
94241
94256
94260
94297
94300
94306
94312
94329
94415
94431
94437
94447
94448
94452
94470
94480
94481
94530
94539
94541
94561
94564
94575
94589
94594
94611
94617
94642
94661
94673
94698
94734
94753
94757
94762
94767
94776
94778
94782
94785
94811
94817
94828
94840
94846
94879
94889
94903
94937
94944
94962
94975
94991
94993
94997
95000
95004
95013
95038
95042
95045
95052
95058
95076
95084
95088
95090
95093
95105
95118
95122
95155
95157
95160
95193
95201
95208
95227
95235
95238
95241
95247
95271
95273
95280
95310
95313
95314
95339
95343
95344
95367
95372
95373
95380
95384
95390
95404
95406
95408
95410
95420
95427
95435
95441
95465
95495
95504
95510
95516
95530
95546
95555
95561
95578
95599
95603
95614
95631
95632
95637
95646
95676
95688
95706
95707
95708
95735
95736
95740
95747
95767
95771
95776
95782
95793
95798
95803
95818
95830
95834
95841
95847
95863
95868
95889
95893
95909
95931
95933
95946
95948
95957
95958
95959
95968
95986
95991
95993
95997
96004
96010
96029
96049
96098
96140
96145
96152
96171
96174
96182
96218
96225
96226
96232
96238
96240
96247
96254
96259
96260
96261
96284
96305
96309
96324
96361
96369
96386
96407
96424
96427
96430
96435
96443
96458
96463
96494
96515
96518
96519
96533
96540
96553
96562
96565
96567
96575
96577
96582
96591
96594
96608
96624
96625
96632
96633
96637
96638
96643
96645
96646
96651
96666
96677
96683
96686
96688
96695
96697
96719
96728
96732
96737
96741
96785
96791
96793
96817
96825
96833
96843
96848
96863
96864
96872
96879
96881
96888
96901
96908
96913
96922
96924
96928
96937
96950
96951
96958
96965
96974
96975
96977
96984
97007
97013
97020
97028
97032
97037
97039
97042
97061
97144
97164
97181
97217
97229
97237
97239
97243
97264
97271
97327
97330
97333
97351
97381
97382
97396
97399
97421
97437
97448
97449
97518
97524
97529
97537
97539
97542
97543
97547
97560
97564
97567
97593
97599
97605
97609
97613
97625
97649
97677
97679
97681
97683
97733
97737
97762
97769
97771
97773
97795
97801
97841
97842
97864
97902
97976
97981
98003
98006
98009
98024
98039
98043
98046
98057
98070
98103
98118
98130
98159
98160
98169
98174
98182
98195
98198
98220
98226
98235
98249
98254
98258
98276
98310
98335
98336
98342
98344
98347
98382
98384
98385
98389
98390
98400
98403
98406
98413
98420
98434
98474
98476
98494
98511
98518
98525
98552
98554
98555
98562
98564
98573
98582
98588
98593
98606
98622
98630
98636
98640
98664
98669
98714
98744
98748
98769
98797
98805
98814
98829
98834
98853
98864
98887
98890
98899
98941
98944
98952
98957
98959
98973
98994
98995
98999
99002
99008
99011
99018
99052
99063
99064
99065
99067
99096
99115
99120
99138
99141
99165
99166
99185
99186
99207
99213
99216
99229
99231
99260
99291
99294
99312
99322
99334
99337
99339
99356
99361
99383
99430
99439
99444
99454
99464
99469
99472
99474
99485
99491
99495
99534
99538
99539
99544
99545
99554
99556
99561
99564
99598
99613
99616
99621
99629
99633
99647
99650
99659
99661
99669
99691
99726
99740
99756
99759
99768
99777
99781
99783
99810
99817
99819
99822
99830
99836
99862
99865
99873
99880
99899
99912
99913
99957
99982
99985
